Date,Open,High,Low,Close,Volume,Adj Close,Return
1997-07-01,8.75,8.87,8.38,8.63,164900,83.82,0.0
1997-07-02,8.69,8.75,8.5,8.5,34400,82.6,-0.014554998806967312
1997-07-03,8.5,8.56,8.5,8.5,14600,82.6,0.0
1997-07-07,8.5,8.63,8.5,8.5,9800,82.6,0.0
1997-07-08,8.5,8.63,8.5,8.5,3200,82.6,0.0
1997-07-09,8.5,8.87,8.5,8.63,11200,83.82,0.01476997578692485
1997-07-10,8.63,8.87,8.63,8.75,3400,85.03,0.014435695538057791
1997-07-11,8.75,9.62,8.75,9.56,15800,92.93,0.09290838527578504
1997-07-14,9.25,9.5,8.5,8.63,15500,83.82,-0.09803077585279252
1997-07-15,8.75,8.75,8.5,8.5,7300,82.6,-0.014554998806967312
1997-07-16,8.63,8.87,8.5,8.63,6900,83.82,0.01476997578692485
1997-07-17,9.0,9.0,8.5,8.63,2700,83.82,0.0
1997-07-18,8.87,8.87,8.5,8.75,2000,85.03,0.014435695538057791
1997-07-21,8.5,8.87,8.5,8.5,2300,82.6,-0.02857814888862764
1997-07-22,8.5,8.75,8.5,8.56,3700,83.21,0.007384987893462425
1997-07-23,8.5,8.56,8.5,8.56,3500,83.21,0.0
1997-07-24,8.75,8.75,8.56,8.63,1100,83.82,0.007330849657493088
1997-07-25,8.75,8.75,8.5,8.5,1200,82.6,-0.014554998806967312
1997-07-28,8.75,9.0,8.38,8.63,11200,83.82,0.01476997578692485
1997-07-29,8.63,8.63,7.13,7.63,17600,74.1,-0.11596277738010019
1997-07-30,8.25,8.25,7.88,7.88,3700,76.53,0.032793522267206665
1997-07-31,7.88,8.25,7.75,8.25,2600,80.17,0.04756304717104398
1997-08-01,7.88,8.25,7.75,7.88,700,76.53,-0.04540351752525884
1997-08-04,7.75,8.12,7.75,8.0,2200,77.74,0.015810793153011815
1997-08-05,8.0,8.87,7.88,8.63,4700,83.82,0.07820941600205811
1997-08-06,8.63,8.87,8.25,8.25,4200,80.17,-0.043545693151992304
1997-08-07,8.63,8.63,8.25,8.5,1600,82.6,0.03031058999625791
1997-08-08,8.5,8.63,8.25,8.38,3600,81.39,-0.014648910411622196
1997-08-11,8.75,8.75,8.25,8.25,2100,80.17,-0.014989556456567077
1997-08-12,8.25,8.63,8.25,8.25,3200,80.17,0.0
1997-08-13,8.75,8.87,8.25,8.63,1000,83.82,0.045528252463514995
1997-08-14,8.87,8.87,8.5,8.75,700,85.03,0.014435695538057791
1997-08-15,8.5,8.87,8.5,8.75,2300,85.03,0.0
1997-08-18,8.75,8.87,8.5,8.5,1600,82.6,-0.02857814888862764
1997-08-19,8.5,8.87,8.5,8.87,1500,86.25,0.04418886198547223
1997-08-20,8.5,8.87,8.5,8.87,1400,86.25,0.0
1997-08-21,8.81,8.87,8.5,8.87,3500,86.25,0.0
1997-08-22,8.63,8.87,8.63,8.75,1700,85.03,-0.014144927536231866
1997-08-25,8.63,9.0,8.63,8.87,11200,86.25,0.014347877219804683
1997-08-26,9.0,9.0,8.75,9.0,2500,87.46,0.014028985507246405
1997-08-27,8.75,9.0,8.75,9.0,400,87.46,0.0
1997-08-28,8.87,9.0,8.75,9.0,1700,87.46,0.0
1997-08-29,8.75,9.31,8.75,9.0,2600,87.46,0.0
1997-09-02,9.13,9.25,9.0,9.0,700,87.46,0.0
1997-09-03,9.25,9.25,8.87,8.87,700,86.25,-0.013834895952435367
1997-09-04,9.0,9.0,8.75,8.87,300,86.25,0.0
1997-09-05,10.88,11.5,9.88,11.5,83800,111.76,0.2957681159420291
1997-09-08,12.0,12.0,11.12,11.63,29200,112.97,0.010826771653543288
1997-09-09,11.63,11.63,10.75,11.38,15100,110.54,-0.021510135434186006
1997-09-10,11.38,12.25,11.25,12.0,18100,116.62,0.055002713949701354
1997-09-11,12.0,14.0,11.63,13.37,16100,129.98,0.11456010975818876
1997-09-12,13.37,15.0,13.25,15.0,16400,145.77,0.1214802277273428
1997-09-15,15.0,15.0,13.75,14.12,10600,137.27,-0.058311037936475296
1997-09-16,15.0,15.0,14.12,14.5,7300,140.91,0.026517083120856544
1997-09-17,14.87,16.0,14.12,15.62,7700,151.84,0.07756724150166772
1997-09-18,16.0,16.0,14.5,15.0,12000,145.77,-0.03997629083245513
1997-09-19,15.13,15.62,14.38,15.38,4200,149.41,0.024970844481031707
1997-09-22,15.62,15.88,15.25,15.62,4800,151.84,0.016263971621712114
1997-09-23,15.75,15.75,15.0,15.5,2400,150.63,-0.007968914646996894
1997-09-24,15.0,15.5,14.5,14.75,2700,143.34,-0.04839673371838271
1997-09-25,14.38,14.87,12.5,13.5,6600,131.19,-0.08476349937212224
1997-09-26,13.63,14.63,13.63,13.63,4800,132.41,0.009299489290342189
1997-09-29,13.5,14.5,13.5,14.38,800,139.7,0.05505626463258051
1997-09-30,14.5,14.75,14.12,14.25,2900,138.48,-0.008732999284180365
1997-10-01,14.63,14.63,14.25,14.5,2600,140.91,0.017547660311958424
1997-10-02,14.75,14.75,13.63,14.0,2500,136.05,-0.03449010006387043
1997-10-03,13.75,14.12,13.37,14.12,2000,137.27,0.008967291436971614
1997-10-06,14.0,14.0,13.13,13.37,9600,129.98,-0.053107015371166466
1997-10-07,13.37,13.63,13.25,13.5,11200,131.19,0.009309124480689324
1997-10-08,14.0,14.0,13.25,13.75,35100,133.62,0.018522753258632507
1997-10-09,13.63,13.63,13.37,13.37,7200,129.98,-0.02724143092351461
1997-10-10,13.25,13.5,13.13,13.13,4700,127.55,-0.018695183874442134
1997-10-13,13.13,13.5,12.5,13.0,4800,126.33,-0.009564876519012167
1997-10-14,13.0,13.88,13.0,13.5,4800,131.19,0.03847067204939436
1997-10-15,13.5,13.88,13.5,13.5,2800,131.19,0.0
1997-10-16,13.5,14.0,13.5,13.88,1300,134.84,0.027822242548974918
1997-10-17,13.88,13.88,13.25,13.5,1500,131.19,-0.027069118955799554
1997-10-20,13.5,13.75,13.25,13.75,2400,133.62,0.018522753258632507
1997-10-21,13.63,13.75,13.13,13.25,2200,128.76,-0.03637180062864853
1997-10-22,13.25,13.88,13.25,13.75,1300,133.62,0.037744641192917205
1997-10-23,13.75,13.75,13.25,13.5,2000,131.19,-0.01818590031432421
1997-10-24,13.63,13.75,13.37,13.63,1200,132.41,0.009299489290342189
1997-10-27,13.37,13.63,12.62,12.75,1700,123.9,-0.06427007023638687
1997-10-28,12.0,13.13,12.0,12.88,4000,125.12,0.00984665052461664
1997-10-29,13.0,13.0,12.88,12.88,2200,125.12,0.0
1997-10-30,12.75,13.0,12.0,12.5,1800,121.47,-0.029171994884910513
1997-10-31,13.13,13.25,12.62,13.13,2300,127.55,0.05005351115501777
1997-11-03,13.37,13.63,12.88,13.63,2800,132.41,0.03810270482163847
1997-11-04,13.25,13.63,13.25,13.25,600,128.76,-0.027565893814666564
1997-11-05,13.13,13.63,13.13,13.63,1800,132.41,0.028347312830071525
1997-11-06,13.63,15.38,13.25,14.75,3300,143.34,0.08254663545049468
1997-11-07,14.38,15.62,14.25,15.0,4500,145.77,0.016952699874424493
1997-11-10,15.13,15.13,13.0,13.5,2600,131.19,-0.10002058036633055
1997-11-11,14.0,14.0,13.5,14.0,400,136.05,0.037045506517265236
1997-11-12,13.63,14.0,13.63,13.63,300,132.41,-0.026754869533259895
1997-11-13,14.0,14.12,13.75,14.0,500,136.05,0.027490370817914167
1997-11-14,13.88,14.12,13.37,14.12,1500,137.27,0.008967291436971614
1997-11-17,14.12,14.5,13.88,13.88,700,134.84,-0.01770233845705549
1997-11-18,14.5,14.5,13.88,13.88,500,134.84,0.0
1997-11-19,14.0,14.0,13.75,13.88,2900,134.84,0.0
1997-11-20,14.25,15.0,13.63,14.0,3600,136.05,0.008973598338771982
1997-11-21,13.75,14.87,13.5,13.5,1400,131.19,-0.03572216097023162
1997-11-24,13.37,13.63,13.13,13.13,1200,127.55,-0.027746017226922826
1997-11-25,13.63,13.63,13.0,13.0,700,126.33,-0.009564876519012167
1997-11-26,13.13,13.13,12.88,12.88,1400,125.12,-0.009578089131639267
1997-11-28,12.88,13.0,12.88,13.0,300,126.33,0.009670716112532007
1997-12-01,13.0,13.0,12.62,12.88,1400,125.12,-0.009578089131639267
1997-12-02,12.88,12.88,12.5,12.5,1300,121.47,-0.029171994884910513
1997-12-03,12.5,12.75,12.5,12.62,400,122.69,0.010043632172552774
1997-12-04,12.75,12.75,12.5,12.56,1600,122.08,-0.004971880348846658
1997-12-05,12.5,13.5,12.5,13.37,13600,129.98,0.0647116644823067
1997-12-08,13.5,13.5,13.25,13.5,800,131.19,0.009309124480689324
1997-12-09,13.13,13.5,13.13,13.5,1200,131.19,0.0
1997-12-10,13.37,13.5,12.62,12.62,6800,122.69,-0.06479152374418784
1997-12-11,13.0,13.0,11.25,12.13,7100,117.83,-0.03961203032031946
1997-12-12,12.5,12.75,11.75,12.5,1200,121.47,0.030891962997538824
1997-12-15,13.0,13.0,12.75,12.75,500,123.9,0.0200049394912325
1997-12-16,12.88,13.0,12.75,12.75,1400,123.9,0.0
1997-12-17,12.88,12.88,12.5,12.5,800,121.47,-0.01961259079903155
1997-12-18,12.81,12.81,12.38,12.81,400,124.51,0.025026755577508997
1997-12-19,11.81,12.44,11.81,12.44,700,120.87,-0.02923459963055175
1997-12-22,12.62,12.62,12.5,12.5,600,121.47,0.004964010920823991
1997-12-23,12.0,12.62,11.63,12.0,2600,116.62,-0.03992755412859139
1997-12-24,12.5,12.62,12.5,12.62,700,122.69,0.05204939118504548
1997-12-26,12.31,12.31,12.31,12.31,3000,119.65,-0.02477789550900633
1997-12-29,11.75,12.0,11.63,12.0,9200,116.62,-0.025323861262014247
1997-12-30,12.25,12.25,11.63,11.63,10600,112.97,-0.03129823357914596
1997-12-31,12.0,12.38,11.75,12.38,2800,120.26,0.06453040630255824
1998-01-02,12.38,12.38,12.19,12.25,4400,119.04,-0.010144686512556067
1998-01-05,12.25,12.62,12.25,12.62,5700,122.69,0.030661962365591267
1998-01-06,12.0,12.5,12.0,12.13,2200,117.83,-0.03961203032031946
1998-01-07,12.5,12.5,11.25,11.75,1300,114.19,-0.030891962997538824
1998-01-08,11.87,11.87,10.75,10.75,2800,104.47,-0.08512128907960415
1998-01-09,11.12,11.25,10.5,11.25,2100,109.33,0.0465205322102038
1998-01-12,10.56,11.75,10.56,11.5,2100,111.76,0.02222628738681065
1998-01-13,11.75,12.13,11.75,12.0,2200,116.62,0.043486041517537544
1998-01-14,12.13,12.13,11.5,11.94,1000,116.01,-0.005230663694049009
1998-01-15,12.0,12.13,11.56,12.0,3200,116.62,0.005258167399362135
1998-01-16,11.5,11.87,11.06,11.87,1600,115.4,-0.01046132738809813
1998-01-20,12.0,12.0,11.5,11.75,2600,114.19,-0.01048526863084931
1998-01-21,11.75,11.87,11.5,11.87,1300,115.4,0.010596374463613278
1998-01-22,11.12,11.75,10.75,11.5,1400,111.76,-0.03154246100519931
1998-01-23,11.75,12.0,11.63,11.63,700,112.97,0.010826771653543288
1998-01-26,11.75,11.75,10.37,10.5,4700,102.04,-0.09675134991590684
1998-01-27,10.0,10.37,9.25,10.13,4400,98.39,-0.03577028616228939
1998-01-28,10.13,10.13,9.88,10.0,2400,97.18,-0.012297997764000312
1998-01-29,9.88,10.13,9.62,9.88,600,95.97,-0.01245112162996509
1998-01-30,9.88,10.06,9.5,10.06,3300,97.79,0.018964259664478567
1998-02-02,10.0,10.25,9.88,10.13,4400,98.39,0.006135596686777767
1998-02-03,10.5,10.75,10.0,10.0,8100,97.18,-0.012297997764000312
1998-02-04,10.0,10.69,10.0,10.37,5400,100.82,0.03745626672154745
1998-02-05,10.5,11.0,10.31,10.5,6700,102.04,0.012100773656020802
1998-02-06,10.5,10.5,10.37,10.37,900,100.82,-0.01195609564876532
1998-02-09,10.5,11.0,10.5,10.5,6600,102.04,0.012100773656020802
1998-02-10,10.5,10.5,10.25,10.37,1200,100.82,-0.01195609564876532
1998-02-11,10.63,10.75,10.37,10.5,500,102.04,0.012100773656020802
1998-02-12,10.5,10.88,10.44,10.5,3600,102.04,0.0
1998-02-13,10.75,10.75,10.44,10.63,4600,103.25,0.011858094864758861
1998-02-17,10.63,11.0,10.44,11.0,8000,106.9,0.03535108958837774
1998-02-18,11.63,11.63,10.88,11.25,7000,109.33,0.022731524789522783
1998-02-19,11.25,11.25,10.88,11.12,4500,108.11,-0.011158876795024253
1998-02-20,11.25,11.38,10.88,11.38,3000,110.54,0.022477106650633738
1998-02-23,11.0,11.25,10.88,11.12,1000,108.11,-0.021982992581870864
1998-02-24,10.88,11.0,10.63,10.75,4200,104.47,-0.03366941078531127
1998-02-25,10.5,10.63,9.88,9.88,18300,95.97,-0.08136307073801097
1998-02-26,10.37,12.13,10.37,12.0,349300,116.62,0.21517140773158294
1998-02-27,11.75,12.81,11.75,12.62,81400,122.69,0.05204939118504548
1998-03-02,12.88,13.13,12.5,12.62,51300,122.69,0.0
1998-03-03,12.62,12.62,12.38,12.56,12300,122.08,-0.004971880348846658
1998-03-04,12.44,12.5,12.38,12.5,14000,121.47,-0.00499672346002622
1998-03-05,12.0,12.25,11.63,12.0,10600,116.62,-0.03992755412859139
1998-03-06,12.0,12.5,11.75,12.5,10100,121.47,0.04158806379694724
1998-03-09,11.81,12.38,11.81,12.25,11600,119.04,-0.020004939491232387
1998-03-10,12.0,12.38,11.94,11.94,6400,116.01,-0.025453629032258118
1998-03-11,12.25,12.5,11.94,12.0,7800,116.62,0.005258167399362135
1998-03-12,12.25,12.88,12.0,12.88,8000,125.12,0.07288629737609331
1998-03-13,12.88,13.13,12.5,13.0,11600,126.33,0.009670716112532007
1998-03-16,13.0,13.13,12.75,13.0,9400,126.33,0.0
1998-03-17,13.13,13.13,12.62,12.88,7700,125.12,-0.009578089131639267
1998-03-18,13.0,13.0,12.62,12.94,4600,125.73,0.004875319693094626
1998-03-19,13.0,13.37,12.62,13.37,6300,129.98,0.03380259285771081
1998-03-20,13.37,13.5,13.13,13.5,12400,131.19,0.009309124480689324
1998-03-23,13.5,13.5,12.88,13.37,5200,129.98,-0.009223263968290318
1998-03-24,13.25,13.25,12.88,12.88,5500,125.12,-0.03739036774888438
1998-03-25,13.0,13.0,12.75,12.75,15400,123.9,-0.009750639386189253
1998-03-26,12.75,12.88,12.5,12.69,5000,123.3,-0.004842615012106588
1998-03-27,12.5,13.0,12.5,13.0,4600,126.33,0.024574209245742162
1998-03-30,12.88,13.5,12.5,13.5,7600,131.19,0.03847067204939436
1998-03-31,13.5,14.87,13.0,14.87,10700,144.55,0.10183703026145285
1998-04-01,14.12,15.0,14.0,15.0,10400,145.77,0.008439986163957025
1998-04-02,15.0,15.38,14.63,15.0,16100,145.77,0.0
1998-04-03,15.0,15.0,13.0,14.25,12900,138.48,-0.050010290183165385
1998-04-06,13.88,14.87,13.88,14.19,11700,137.87,-0.004404968226458639
1998-04-07,14.63,14.63,13.25,13.75,2700,133.62,-0.03082614056720101
1998-04-08,14.0,15.0,13.88,15.0,10800,145.77,0.09092950157162116
1998-04-09,14.63,16.75,14.5,15.62,19200,151.84,0.0416409412087535
1998-04-13,16.0,16.0,15.0,15.0,3800,145.77,-0.03997629083245513
1998-04-14,15.5,15.5,14.75,15.5,4700,150.63,0.03334019345544337
1998-04-15,15.62,15.62,14.87,15.62,11000,151.84,0.008032928367523118
1998-04-16,15.88,16.0,15.13,16.0,11500,155.49,0.024038461538461675
1998-04-17,16.0,16.5,15.75,16.5,10900,160.35,0.03125602932664462
1998-04-20,16.25,16.5,15.62,16.13,14600,156.7,-0.02276270657935764
1998-04-21,16.13,16.13,15.56,15.56,7000,151.24,-0.034843650287172845
1998-04-22,16.0,16.0,14.44,14.87,6700,144.55,-0.0442343295424491
1998-04-23,15.38,15.38,14.5,14.75,8300,143.34,-0.008370805949498461
1998-04-24,14.5,14.87,13.88,14.12,5000,137.27,-0.042346867587554016
1998-04-27,14.12,14.25,13.25,13.75,5500,133.62,-0.0265899322503097
1998-04-28,14.31,14.75,13.88,13.88,1600,134.84,0.009130369705133923
1998-04-29,13.75,14.25,13.5,13.63,8900,132.41,-0.018021358647285712
1998-04-30,13.25,13.25,12.0,13.0,48100,126.33,-0.04591798202552677
1998-05-01,13.0,13.5,12.88,13.0,16100,126.33,0.0
1998-05-04,13.0,13.69,12.88,13.25,13400,128.76,0.01923533602469707
1998-05-05,13.0,13.75,13.0,13.25,2900,128.76,0.0
1998-05-06,13.5,13.5,13.0,13.0,2900,126.33,-0.01887232059645849
1998-05-07,13.5,13.5,13.0,13.0,2600,126.33,0.0
1998-05-08,13.75,14.25,12.62,13.0,7500,126.33,0.0
1998-05-11,13.06,13.31,12.88,13.31,1700,129.37,0.024063959471226193
1998-05-12,13.0,13.37,12.5,12.88,14900,125.12,-0.03285151116951379
1998-05-13,12.5,13.13,12.5,12.75,3800,123.9,-0.009750639386189253
1998-05-14,13.13,14.12,12.75,14.0,10800,136.05,0.09806295399515741
1998-05-15,14.5,14.5,13.5,13.63,6700,132.41,-0.026754869533259895
1998-05-18,13.5,13.63,12.75,12.88,9300,125.12,-0.05505626463258051
1998-05-19,13.13,13.5,12.62,12.75,3600,123.9,-0.009750639386189253
1998-05-20,13.5,13.5,12.53,12.53,2600,121.78,-0.017110573042776522
1998-05-21,12.88,12.88,12.06,12.81,5300,124.51,0.02241747413368378
1998-05-22,12.25,12.75,11.87,12.13,7700,117.83,-0.05365030921211156
1998-05-27,11.5,12.0,11.5,11.87,4700,115.4,-0.020622931341763517
1998-05-28,11.75,13.0,11.75,12.44,3800,120.87,0.04740034662045067
1998-05-29,12.75,13.0,12.25,12.62,5000,122.69,0.015057499793166063
1998-06-01,12.25,12.62,11.87,12.38,4400,120.26,-0.019806015160159673
1998-06-02,12.38,12.38,11.0,11.5,20600,111.76,-0.0706801929153501
1998-06-03,11.5,11.5,10.5,10.69,11700,103.86,-0.07068718682891917
1998-06-04,10.75,10.75,10.25,10.63,6900,103.25,-0.005873290968611555
1998-06-05,10.37,10.75,10.25,10.44,16900,101.43,-0.01762711864406774
1998-06-08,10.63,10.63,10.25,10.37,5000,100.82,-0.006013999802819803
1998-06-09,10.44,10.44,10.13,10.13,3200,98.39,-0.024102360642729526
1998-06-10,10.25,10.37,10.0,10.0,6400,97.18,-0.012297997764000312
1998-06-11,10.13,10.37,9.75,10.37,11200,100.82,0.03745626672154745
1998-06-12,10.63,10.63,10.0,10.0,7200,97.18,-0.03610394762943847
1998-06-15,10.06,10.5,9.25,9.38,10400,91.11,-0.06246141181313036
1998-06-16,9.5,10.0,8.75,9.44,15400,91.71,0.006585446163977604
1998-06-17,9.75,10.75,9.5,10.75,12800,104.47,0.13913422745611181
1998-06-18,10.88,11.38,10.63,10.88,13400,105.68,0.011582272422705264
1998-06-19,10.88,11.25,10.63,10.94,7300,106.29,0.005772142316426976
1998-06-22,11.0,11.0,10.63,10.63,2700,103.25,-0.02860099727161547
1998-06-23,11.0,11.0,10.63,10.88,4300,105.68,0.023535108958837814
1998-06-24,10.75,10.88,10.63,10.81,8800,105.08,-0.005677517032551149
1998-06-25,10.88,10.88,10.63,10.63,9100,103.25,-0.017415302626570206
1998-06-26,10.75,11.0,10.63,10.69,3700,103.86,0.005907990314770073
1998-06-29,10.63,11.0,10.5,10.5,5200,102.04,-0.0175235894473329
1998-06-30,10.37,11.25,10.37,11.06,20400,107.5,0.05350842806742451
1998-07-01,11.25,11.25,11.0,11.06,22500,107.5,0.0
1998-07-02,11.38,11.38,11.0,11.06,16500,107.5,0.0
1998-07-06,11.0,11.5,11.0,11.0,9500,106.9,-0.00558139534883717
1998-07-07,11.5,11.5,11.0,11.06,14800,107.5,0.005612722170252438
1998-07-08,11.0,11.06,10.88,10.88,6200,105.68,-0.016930232558139524
1998-07-09,10.75,11.5,10.75,11.25,9900,109.33,0.034538228614685806
1998-07-10,11.38,11.38,11.0,11.38,3500,110.54,0.011067410591786508
1998-07-13,11.0,11.5,10.75,10.78,9500,104.77,-0.0521982992581872
1998-07-14,10.75,10.81,10.0,10.5,9500,102.04,-0.026057077407654727
1998-07-15,10.25,10.94,10.25,10.94,2200,106.29,0.041650333202665646
1998-07-16,10.94,11.0,10.63,10.94,4900,106.29,0.0
1998-07-17,10.75,11.0,10.75,10.75,1200,104.47,-0.01712296547182246
1998-07-20,10.75,11.12,10.75,10.75,2200,104.47,0.0
1998-07-21,10.75,11.12,10.75,11.06,14800,107.5,0.02900354168660857
1998-07-22,10.88,11.12,10.16,10.37,6800,100.82,-0.06213953488372104
1998-07-23,10.25,10.75,10.19,10.37,4900,100.82,0.0
1998-07-24,11.0,11.0,10.5,10.75,2800,104.47,0.03620313429875033
1998-07-27,11.12,11.12,10.13,10.13,9400,98.39,-0.05819852589260077
1998-07-28,10.5,10.5,9.5,9.5,3900,92.32,-0.06169326151031618
1998-07-29,9.88,10.13,9.75,10.13,3600,98.39,0.06574956672443677
1998-07-30,10.13,10.63,9.38,10.25,51500,99.61,0.012399634109157454
1998-07-31,10.25,11.87,10.13,11.12,29700,108.11,0.08533279791185633
1998-08-03,11.63,11.63,10.88,10.88,19500,105.68,-0.022477106650633516
1998-08-04,11.12,11.12,10.81,10.81,11800,105.08,-0.005677517032551149
1998-08-05,10.81,11.0,10.25,10.41,16900,101.13,-0.03759040730871721
1998-08-06,10.69,11.16,10.31,10.94,20000,106.29,0.05102343518243857
1998-08-07,10.94,11.94,10.63,10.69,7400,103.86,-0.02286198137171891
1998-08-10,10.94,10.94,10.81,10.81,800,105.08,0.01174658193722311
1998-08-11,10.69,10.88,10.25,10.75,5000,104.47,-0.005805100875523439
1998-08-12,10.88,10.88,9.75,10.37,4400,100.82,-0.03493825978749887
1998-08-13,10.37,11.0,9.88,11.0,8600,106.9,0.060305494941480076
1998-08-14,11.5,11.5,10.81,11.0,4700,106.9,0.0
1998-08-17,11.25,11.81,10.88,11.25,5600,109.33,0.022731524789522783
1998-08-18,11.44,11.44,11.0,11.22,4900,109.02,-0.0028354523003750742
1998-08-19,11.0,11.31,10.63,10.69,3600,103.86,-0.0473307649972482
1998-08-20,10.63,10.81,9.62,9.88,10200,95.97,-0.07596764875794337
1998-08-21,9.94,10.0,9.62,9.94,2000,96.57,0.006251953735542326
1998-08-24,10.06,10.06,9.62,9.81,5500,95.36,-0.012529771150460722
1998-08-25,9.81,10.0,9.75,9.75,9100,94.75,-0.0063968120805368844
1998-08-26,9.91,10.06,9.69,9.75,4000,94.75,0.0
1998-08-27,9.75,9.75,9.31,9.38,1600,91.11,-0.03841688654353559
1998-08-28,9.88,9.88,8.5,8.87,7000,86.25,-0.05334211392821864
1998-08-31,8.69,8.69,7.5,7.5,5400,72.88,-0.15501449275362322
1998-09-01,8.25,8.25,7.5,7.75,3900,75.31,0.03334248079034041
1998-09-02,8.0,8.12,7.75,8.06,7900,78.35,0.04036648519452912
1998-09-03,8.06,8.06,7.63,8.0,5100,77.74,-0.007785577536694288
1998-09-04,8.06,8.09,7.5,8.0,4400,77.74,0.0
1998-09-08,8.44,9.0,8.25,9.0,3500,87.46,0.12503215847697446
1998-09-09,9.0,9.69,8.75,9.38,4100,91.11,0.041733363823462266
1998-09-10,9.13,9.16,9.0,9.0,600,87.46,-0.0400614641641972
1998-09-11,9.13,9.25,8.91,9.0,2800,87.46,0.0
1998-09-14,9.25,9.25,8.5,8.5,1600,82.6,-0.05556825977589752
1998-09-15,8.53,8.63,8.53,8.56,2400,83.21,0.007384987893462425
1998-09-16,8.81,8.81,8.5,8.5,8100,82.6,-0.007330849657493088
1998-09-17,8.56,8.56,8.5,8.56,700,83.21,0.007384987893462425
1998-09-18,8.56,8.63,8.5,8.63,3600,83.82,0.007330849657493088
1998-09-21,8.5,8.69,8.5,8.56,1000,83.21,-0.007277499403483656
1998-09-22,8.69,9.13,8.5,9.06,23800,88.07,0.05840644153346952
1998-09-23,9.13,9.13,9.0,9.06,1500,88.07,0.0
1998-09-24,9.13,9.13,9.0,9.06,19600,88.07,0.0
1998-09-25,9.19,9.25,9.0,9.25,2800,89.89,0.02066537981151373
1998-09-28,9.31,9.31,8.75,8.75,2000,85.03,-0.05406608076537989
1998-09-29,8.63,8.63,6.0,6.13,37700,59.52,-0.30001176055509815
1998-09-30,5.31,5.87,5.12,5.63,20000,54.66,-0.08165322580645173
1998-10-01,5.63,5.63,5.25,5.5,9800,53.45,-0.02213684595682386
1998-10-02,5.5,5.5,4.75,5.0,16400,48.59,-0.09092609915809169
1998-10-05,5.12,5.12,4.0,4.13,19200,40.09,-0.17493311380942578
1998-10-06,4.13,4.25,3.0,3.25,20800,31.58,-0.2122723871289599
1998-10-07,4.0,4.25,3.75,4.25,28600,41.3,0.30778974034198847
1998-10-08,4.0,4.06,3.62,3.69,9400,35.84,-0.13220338983050828
1998-10-09,4.19,4.37,3.75,4.13,17200,40.09,0.11858258928571419
1998-10-12,4.56,4.56,4.0,4.19,27300,40.69,0.014966325767024058
1998-10-13,4.25,4.25,4.03,4.13,51700,40.09,-0.01474563774883253
1998-10-14,4.5,5.25,4.13,5.0,10700,48.59,0.2120229483661762
1998-10-15,5.5,6.5,5.12,5.63,22700,54.66,0.1249228236262605
1998-10-16,5.87,6.25,5.09,6.25,20600,60.74,0.11123307720453735
1998-10-19,6.0,7.06,6.0,6.94,14300,67.42,0.10997695093842608
1998-10-20,6.94,7.25,6.38,6.75,10800,65.6,-0.026994956986057694
1998-10-21,6.88,6.88,6.38,6.44,9900,62.56,-0.046341463414634076
1998-10-22,6.5,7.25,6.44,7.25,11100,70.46,0.1262787723785166
1998-10-23,7.5,7.56,6.75,7.25,6100,70.46,0.0
1998-10-26,7.63,7.63,7.0,7.63,1200,74.1,0.05166051660516602
1998-10-27,7.0,7.5,6.88,6.88,16900,66.81,-0.09838056680161933
1998-10-28,6.94,7.0,6.0,6.19,15300,60.13,-0.09998503218081123
1998-10-29,6.25,6.25,5.5,5.75,6800,55.88,-0.0706801929153501
1998-10-30,5.5,5.63,3.88,4.94,74600,47.98,-0.14137437365783834
1998-11-02,5.12,5.25,5.0,5.0,16300,48.59,0.012713630679449972
1998-11-03,5.25,5.38,5.12,5.19,9400,50.41,0.03745626672154745
1998-11-04,5.25,5.25,5.0,5.12,11700,49.8,-0.01210077365602058
1998-11-05,5.25,5.25,5.06,5.12,12900,49.8,0.0
1998-11-06,5.0,5.25,5.0,5.0,7900,48.59,-0.02429718875501996
1998-11-09,4.75,5.25,4.75,5.25,11700,51.02,0.05001029018316516
1998-11-10,5.19,5.5,5.19,5.38,9600,52.23,0.023716189729517723
1998-11-11,5.5,5.5,5.25,5.31,7100,51.63,-0.011487650775416358
1998-11-12,5.44,5.44,5.12,5.19,2800,50.41,-0.02362967267092786
1998-11-13,5.12,5.38,5.12,5.12,6700,49.8,-0.01210077365602058
1998-11-16,5.12,5.38,5.12,5.38,8800,52.23,0.04879518072289146
1998-11-17,5.38,5.38,5.12,5.12,4400,49.8,-0.0465249856404365
1998-11-18,5.12,5.38,5.12,5.12,3300,49.8,0.0
1998-11-19,5.38,5.38,5.12,5.25,20500,51.02,0.024497991967871613
1998-11-20,5.25,5.38,5.12,5.12,20700,49.8,-0.023912191297530527
1998-11-23,5.12,5.38,5.0,5.0,6300,48.59,-0.02429718875501996
1998-11-24,5.0,5.25,4.94,5.03,8000,48.89,0.006174109899156122
1998-11-25,5.31,6.25,5.12,6.13,10400,59.52,0.2174268766618941
1998-11-27,6.38,6.38,5.87,6.38,1500,61.95,0.040826612903225756
1998-11-30,6.38,6.38,5.12,6.13,9300,59.52,-0.039225181598062986
1998-12-01,5.75,6.13,5.38,5.38,4000,52.23,-0.12247983870967749
1998-12-02,5.69,5.87,4.75,5.25,9300,51.02,-0.023166762397089702
1998-12-03,5.25,5.25,5.0,5.06,9400,49.2,-0.03567228537828304
1998-12-04,5.0,5.25,4.88,5.0,6600,48.59,-0.012398373983739774
1998-12-07,5.0,5.25,5.0,5.25,4400,51.02,0.05001029018316516
1998-12-08,5.0,5.19,4.75,4.88,7000,47.38,-0.07134457075656608
1998-12-09,5.0,5.12,4.88,5.0,7200,48.59,0.025538201772900004
1998-12-10,4.88,5.06,4.88,5.06,6300,49.2,0.012554023461617714
1998-12-11,5.25,5.31,4.88,4.88,8400,47.38,-0.03699186991869918
1998-12-14,4.63,4.94,4.63,4.63,8800,44.95,-0.051287463064584204
1998-12-15,4.63,4.94,4.63,4.75,6400,46.16,0.02691879866518332
1998-12-16,4.63,4.75,4.56,4.75,5500,46.16,0.0
1998-12-17,4.63,4.69,4.56,4.69,4100,45.55,-0.013214904679376027
1998-12-18,4.56,4.59,4.13,4.37,5500,42.52,-0.06652030735455527
1998-12-21,4.5,4.63,4.13,4.5,6100,43.73,0.028457196613358215
1998-12-22,4.5,4.63,4.37,4.63,10200,44.95,0.02789846787102679
1998-12-23,4.63,4.63,4.13,4.25,31200,41.3,-0.08120133481646286
1998-12-24,4.13,4.5,4.13,4.5,4800,43.73,0.058837772397094534
1998-12-28,4.13,4.5,4.13,4.19,7300,40.69,-0.06951749371141092
1998-12-29,4.13,4.37,4.13,4.37,12600,42.52,0.04497419513393974
1998-12-30,4.44,4.44,4.0,4.06,15500,39.48,-0.0714957666980246
1998-12-31,4.06,4.56,4.03,4.44,10200,43.12,0.09219858156028371
1999-01-04,4.37,4.5,4.25,4.25,9400,41.3,-0.04220779220779225
1999-01-05,4.25,4.5,4.25,4.37,4700,42.52,0.02953995157384992
1999-01-06,4.5,4.5,4.37,4.44,9100,43.12,0.014111006585136199
1999-01-07,4.5,4.5,4.37,4.37,3400,42.52,-0.013914656771799483
1999-01-08,4.5,4.75,4.44,4.75,3800,46.16,0.08560677328316069
1999-01-11,4.97,5.38,4.63,5.25,6600,51.02,0.10528596187175054
1999-01-12,5.5,6.0,5.0,5.5,10200,53.45,0.04762838102704814
1999-01-13,5.38,5.5,4.94,5.25,4100,51.02,-0.04546304957904579
1999-01-14,5.12,5.38,4.88,5.25,4800,51.02,0.0
1999-01-15,5.0,5.38,5.0,5.0,3800,48.59,-0.04762838102704825
1999-01-19,5.25,5.25,4.75,5.0,3700,48.59,0.0
1999-01-20,4.88,5.0,4.75,5.0,1500,48.59,0.0
1999-01-21,4.63,5.25,4.5,4.88,2400,47.38,-0.024902243259930068
1999-01-22,4.81,4.88,4.53,4.88,3300,47.38,0.0
1999-01-25,4.69,5.25,4.69,5.0,5200,48.59,0.025538201772900004
1999-01-26,5.0,5.25,4.88,5.06,7600,49.2,0.012554023461617714
1999-01-27,4.81,5.87,4.81,5.87,7900,57.09,0.16036585365853662
1999-01-28,6.0,6.0,5.38,5.44,2600,52.84,-0.07444386057102814
1999-01-29,5.5,5.75,5.38,5.75,7800,55.88,0.05753217259651766
1999-02-01,5.63,5.75,5.31,5.44,2200,52.84,-0.05440229062276303
1999-02-02,5.38,5.5,5.25,5.31,2400,51.63,-0.02289931869795614
1999-02-03,5.25,5.87,5.25,5.38,35100,52.23,0.01162115049389878
1999-02-04,5.25,5.5,5.25,5.25,4200,51.02,-0.023166762397089702
1999-02-05,5.25,5.38,5.25,5.25,4000,51.02,0.0
1999-02-08,5.25,5.31,5.19,5.19,300,50.41,-0.01195609564876532
1999-02-09,5.25,5.25,5.12,5.12,1400,49.8,-0.01210077365602058
1999-02-10,5.0,5.25,4.81,4.81,3100,46.77,-0.06084337349397584
1999-02-11,4.81,4.88,4.63,4.88,2700,47.38,0.01304254864229204
1999-02-12,4.81,4.88,4.81,4.81,1000,46.77,-0.012874630645842156
1999-02-16,4.88,4.88,4.56,4.56,1600,44.34,-0.051956382296343806
1999-02-17,4.56,4.88,4.37,4.37,5400,42.52,-0.04104645917907079
1999-02-18,4.37,4.56,4.31,4.5,2000,43.73,0.028457196613358215
1999-02-19,4.44,4.63,4.44,4.44,1600,43.12,-0.013949233935513394
1999-02-22,4.56,4.56,4.19,4.31,3000,41.91,-0.028061224489795977
1999-02-23,4.31,4.44,4.25,4.37,2600,42.52,0.014554998806967534
1999-02-24,4.31,4.56,4.31,4.5,5000,43.73,0.028457196613358215
1999-02-25,4.5,4.5,4.25,4.44,1500,43.12,-0.013949233935513394
1999-02-26,4.45,4.63,4.25,4.25,1100,41.3,-0.04220779220779225
1999-03-01,4.25,4.25,4.13,4.13,2900,40.09,-0.02929782082324439
1999-03-02,4.19,4.31,4.09,4.09,1500,39.78,-0.007732601646295856
1999-03-03,4.06,4.06,3.0,3.75,4800,36.44,-0.08396178984414282
1999-03-04,3.75,4.56,3.5,3.75,3900,36.44,0.0
1999-03-05,3.69,3.88,3.5,3.69,5600,35.84,-0.016465422612513603
1999-03-08,3.69,3.81,3.56,3.62,1000,35.23,-0.017020089285714413
1999-03-09,3.56,3.88,3.56,3.75,8400,36.44,0.03434572807266534
1999-03-10,3.81,3.81,3.53,3.62,4400,35.23,-0.03320526893523601
1999-03-11,3.56,3.69,3.5,3.56,4500,34.62,-0.01731478853250068
1999-03-12,3.5,4.19,3.5,4.19,5300,40.69,0.1753321779318313
1999-03-15,4.0,4.31,4.0,4.06,3100,39.48,-0.029737036126812555
1999-03-16,4.0,4.0,3.62,3.88,2700,37.66,-0.046099290780141855
1999-03-17,3.62,3.88,3.62,3.69,1900,35.84,-0.048327137546468224
1999-03-18,3.88,4.0,3.62,4.0,1200,38.87,0.08454241071428559
1999-03-19,4.0,4.0,3.62,3.62,1400,35.23,-0.09364548494983282
1999-03-22,3.62,3.66,3.38,3.5,5800,34.01,-0.03462957706500136
1999-03-23,3.38,3.75,3.38,3.5,3800,34.01,0.0
1999-03-24,3.47,3.5,3.45,3.47,1800,33.71,-0.008820935019111964
1999-03-25,3.44,3.5,3.25,3.25,1600,31.58,-0.06318599822011284
1999-03-26,3.19,3.19,3.0,3.16,10800,30.67,-0.02881570614312845
1999-03-29,3.13,3.38,3.13,3.31,8700,32.19,0.04955983045321144
1999-03-30,3.38,3.38,3.31,3.31,1400,32.19,0.0
1999-03-31,3.31,3.44,3.25,3.25,6800,31.58,-0.018949984467225844
1999-04-01,3.38,3.38,3.25,3.31,1400,32.19,0.01931602279923994
1999-04-05,3.31,3.44,3.25,3.44,7200,33.41,0.03789996893445169
1999-04-06,3.5,3.5,3.0,3.06,8200,29.76,-0.10924872792577056
1999-04-07,3.13,3.5,3.0,3.25,5200,31.58,0.061155913978494514
1999-04-08,3.25,3.38,3.19,3.19,22400,30.98,-0.01899936668777702
1999-04-09,3.19,3.5,3.19,3.44,600,33.41,0.07843770174305997
1999-04-12,3.25,3.38,3.13,3.31,1500,32.19,-0.03651601316970965
1999-04-13,3.38,3.5,3.0,3.25,6200,31.58,-0.018949984467225844
1999-04-14,3.06,3.25,3.0,3.25,2000,31.58,0.0
1999-04-15,3.06,3.39,3.0,3.19,3800,30.98,-0.01899936668777702
1999-04-16,3.16,3.25,3.13,3.13,2200,30.37,-0.01969012265978054
1999-04-19,3.25,3.38,3.06,3.06,3600,29.76,-0.020085610800131715
1999-04-20,3.19,3.25,3.09,3.13,2400,30.37,0.020497311827957
1999-04-21,3.06,3.19,3.06,3.06,700,29.76,-0.020085610800131715
1999-04-22,3.19,3.25,2.94,3.19,7400,30.98,0.040994623655914
1999-04-23,3.0,3.19,3.0,3.13,5100,30.37,-0.01969012265978054
1999-04-26,3.0,3.5,3.0,3.5,8400,34.01,0.11985512018439248
1999-04-27,3.44,4.13,3.44,4.13,8000,40.09,0.17877094972067065
1999-04-28,4.13,4.25,4.06,4.25,1200,41.3,0.030182090296831943
1999-04-29,4.13,4.25,4.13,4.13,3500,40.09,-0.02929782082324439
1999-04-30,4.19,4.25,3.88,3.88,4600,37.66,-0.060613619356448156
1999-05-03,3.75,4.13,3.69,4.06,5400,39.48,0.048327137546468446
1999-05-04,3.69,4.37,3.69,3.88,11800,37.66,-0.046099290780141855
1999-05-05,3.88,4.25,3.88,3.88,700,37.66,0.0
1999-05-06,3.94,4.25,3.94,4.25,1800,41.3,0.09665427509293689
1999-05-07,3.88,5.12,3.88,5.0,13100,48.59,0.17651331719128338
1999-05-10,5.0,5.12,4.63,4.81,5300,46.77,-0.03745626672154767
1999-05-11,4.75,4.75,4.37,4.37,14500,42.52,-0.09087021595039557
1999-05-12,4.56,4.56,4.5,4.5,700,43.73,0.028457196613358215
1999-05-13,4.5,4.56,4.37,4.37,19700,42.52,-0.027669791904870622
1999-05-14,4.5,4.5,4.31,4.5,4100,43.73,0.028457196613358215
1999-05-17,4.37,4.44,4.13,4.37,5700,42.52,-0.027669791904870622
1999-05-18,4.13,4.37,4.13,4.37,500,42.52,0.0
1999-05-19,4.13,4.5,4.06,4.06,2300,39.48,-0.0714957666980246
1999-05-20,4.25,4.25,4.06,4.06,3200,39.48,0.0
1999-05-21,4.25,4.25,4.06,4.25,20600,41.3,0.046099290780141855
1999-05-24,4.13,4.25,4.13,4.25,2300,41.3,0.0
1999-05-25,4.06,4.25,4.06,4.09,5400,39.78,-0.03680387409200958
1999-05-26,4.0,4.25,3.94,3.94,6400,38.26,-0.03821015585721477
1999-05-27,4.0,4.0,3.62,3.75,1600,36.44,-0.047569262937794066
1999-05-28,3.78,3.94,3.62,3.94,1400,38.26,0.049945115257958195
1999-06-01,4.0,4.0,3.75,3.94,1200,38.26,0.0
1999-06-02,3.81,4.0,3.75,4.0,5400,38.87,0.01594354417145838
1999-06-03,3.81,3.81,3.56,3.66,1500,35.53,-0.08592745047594541
1999-06-04,3.62,4.13,3.62,3.94,3800,38.26,0.07683647621728107
1999-06-07,3.62,4.13,3.62,3.94,1700,38.26,0.0
1999-06-08,3.97,3.97,3.75,3.75,2000,36.44,-0.047569262937794066
1999-06-09,3.62,4.0,3.5,3.62,6300,35.23,-0.03320526893523601
1999-06-10,3.5,3.53,3.0,3.13,6700,30.37,-0.1379506102753334
1999-06-11,3.38,3.44,3.0,3.06,6000,29.76,-0.020085610800131715
1999-06-14,3.13,3.19,3.06,3.06,1200,29.76,0.0
1999-06-15,3.16,3.19,3.0,3.0,3600,29.15,-0.02049731182795711
1999-06-16,3.06,3.19,3.06,3.13,800,30.37,0.041852487135506156
1999-06-17,3.06,3.19,3.06,3.06,1700,29.76,-0.020085610800131715
1999-06-18,3.17,3.19,3.0,3.06,1700,29.76,0.0
1999-06-21,3.06,3.09,3.0,3.03,3400,29.46,-0.01008064516129037
1999-06-22,3.09,3.13,2.94,3.06,5500,29.76,0.010183299389002087
1999-06-23,2.94,3.0,2.75,2.75,3800,26.72,-0.10215053763440873
1999-06-24,2.75,2.94,2.44,2.69,8800,26.12,-0.022455089820359153
1999-06-25,2.63,3.0,2.56,2.87,3300,27.94,0.06967840735068909
1999-06-28,2.81,2.81,2.75,2.78,600,27.03,-0.03256979241231206
1999-06-29,2.81,3.06,2.63,3.03,4100,29.46,0.08990011098779127
1999-06-30,3.0,3.06,2.25,2.31,17300,22.47,-0.2372708757637475
1999-07-01,2.5,2.5,2.19,2.19,13500,21.26,-0.05384957721406303
1999-07-02,2.56,3.09,2.56,3.06,10500,29.76,0.3998118532455315
1999-07-06,3.06,3.31,2.87,3.25,7000,31.58,0.061155913978494514
1999-07-07,3.22,3.38,3.13,3.19,5800,30.98,-0.01899936668777702
1999-07-08,3.25,3.25,2.94,3.0,2000,29.15,-0.05907036797934162
1999-07-09,3.0,3.06,2.94,2.94,700,28.55,-0.020583190394511064
1999-07-12,3.0,3.0,2.81,2.94,500,28.55,0.0
1999-07-13,2.94,3.13,2.81,3.06,4600,29.76,0.04238178633975487
1999-07-14,3.06,3.06,3.0,3.06,1200,29.76,0.0
1999-07-15,3.06,3.19,3.06,3.13,5200,30.37,0.020497311827957
1999-07-16,3.16,3.88,3.13,3.62,7800,35.23,0.1600263417846557
1999-07-19,3.94,3.94,3.69,3.81,5000,37.05,0.05166051660516602
1999-07-20,3.62,3.75,3.5,3.62,1100,35.23,-0.0491228070175439
1999-07-21,3.56,3.56,3.38,3.47,2400,33.71,-0.04314504683508358
1999-07-22,3.47,3.5,3.25,3.38,2800,32.8,-0.026994956986057694
1999-07-23,3.25,3.38,3.13,3.25,1200,31.58,-0.037195121951219434
1999-07-26,3.09,3.13,2.81,3.0,2800,29.15,-0.07694743508549717
1999-07-27,3.22,3.25,2.31,2.31,11100,22.47,-0.22915951972555748
1999-07-28,2.81,3.31,2.63,3.25,9900,31.58,0.40542946150422776
1999-07-29,3.25,3.25,3.06,3.06,2800,29.76,-0.05763141228625701
1999-07-30,3.19,3.19,3.06,3.13,4100,30.37,0.020497311827957
1999-08-02,3.06,3.25,3.06,3.19,2500,30.98,0.020085610800131715
1999-08-03,3.2,3.38,3.13,3.25,2600,31.58,0.019367333763718353
1999-08-04,3.25,3.38,3.13,3.19,2200,30.98,-0.01899936668777702
1999-08-05,3.19,3.38,3.13,3.19,15900,30.98,0.0
1999-08-06,3.19,3.19,3.06,3.13,51600,30.37,-0.01969012265978054
1999-08-09,3.19,3.25,3.0,3.25,5000,31.58,0.03984194929206453
1999-08-10,3.25,3.38,3.13,3.19,2900,30.98,-0.01899936668777702
1999-08-11,3.25,3.25,3.13,3.19,700,30.98,0.0
1999-08-12,3.19,3.38,3.13,3.25,3600,31.58,0.019367333763718353
1999-08-13,3.13,3.25,3.0,3.0,1200,29.15,-0.07694743508549717
1999-08-16,3.06,3.06,2.87,3.0,4900,29.15,0.0
1999-08-17,3.0,3.0,2.63,2.63,4100,25.51,-0.12487135506003422
1999-08-18,2.75,2.94,2.75,2.94,4900,28.55,0.1191689533516267
1999-08-19,2.84,2.94,2.81,2.81,3600,27.33,-0.04273204903677763
1999-08-20,2.87,2.94,2.75,2.75,3800,26.72,-0.022319795096963024
1999-08-23,2.75,2.87,2.75,2.75,3400,26.72,0.0
1999-08-24,2.78,2.81,2.75,2.75,1800,26.72,0.0
1999-08-25,2.75,2.81,2.75,2.81,5500,27.33,0.022829341317365248
1999-08-26,2.75,2.81,2.63,2.81,8200,27.33,0.0
1999-08-27,2.75,2.75,2.56,2.63,2500,25.51,-0.06659348701061096
1999-08-30,2.59,2.59,2.56,2.56,400,24.9,-0.023912191297530527
1999-08-31,2.56,2.59,2.25,2.38,3400,23.08,-0.07309236947791165
1999-09-01,2.5,2.5,2.38,2.5,1600,24.29,0.05242634315424621
1999-09-02,2.63,2.75,2.56,2.56,2400,24.9,0.02511321531494448
1999-09-03,2.78,2.87,2.75,2.87,3200,27.94,0.12208835341365476
1999-09-07,2.87,3.06,2.81,2.94,2100,28.55,0.021832498210450968
1999-09-08,2.94,2.94,2.81,2.87,2400,27.94,-0.02136602451838876
1999-09-09,2.81,2.94,2.81,2.94,1700,28.55,0.021832498210450968
1999-09-10,2.87,2.94,2.81,2.81,600,27.33,-0.04273204903677763
1999-09-13,2.87,2.94,2.87,2.87,1200,27.94,0.022319795096963135
1999-09-14,2.87,2.87,2.81,2.81,600,27.33,-0.02183249821045108
1999-09-15,2.87,2.87,2.63,2.63,1900,25.51,-0.06659348701061096
1999-09-16,2.69,2.75,2.63,2.75,700,26.72,0.04743237945903567
1999-09-17,2.75,2.87,2.63,2.75,2200,26.72,0.0
1999-09-20,2.78,2.81,2.75,2.75,400,26.72,0.0
1999-09-21,2.81,2.81,2.63,2.69,700,26.12,-0.022455089820359153
1999-09-22,2.56,2.63,2.5,2.56,1100,24.9,-0.04670750382848399
1999-09-23,2.75,2.75,2.44,2.44,6000,23.69,-0.04859437751004003
1999-09-24,2.44,2.63,2.44,2.5,1400,24.29,0.025327142254115476
1999-09-27,2.47,2.47,2.0,2.25,14400,21.87,-0.09962947715109094
1999-09-28,2.28,2.44,2.28,2.44,2100,23.69,0.08321902149062654
1999-09-29,2.5,2.75,2.5,2.63,6200,25.51,0.0768256648374841
1999-09-30,2.63,2.75,2.19,2.25,3200,21.87,-0.14268914151313217
1999-10-01,2.25,2.63,2.25,2.5,2200,24.29,0.11065386374028341
1999-10-04,2.5,2.63,2.44,2.44,800,23.69,-0.024701523260600933
1999-10-05,2.44,2.5,2.38,2.5,200,24.29,0.025327142254115476
1999-10-06,2.38,2.5,2.38,2.38,400,23.08,-0.049814738575545525
1999-10-07,2.38,2.38,2.19,2.25,2600,21.87,-0.05242634315424599
1999-10-08,2.34,2.44,1.75,1.88,8600,18.22,-0.16689529035208062
1999-10-11,1.97,2.19,1.75,1.84,3600,17.92,-0.016465422612513603
1999-10-12,1.88,1.97,1.56,1.56,10800,15.18,-0.1529017857142858
1999-10-13,1.72,1.88,1.63,1.75,2700,17.01,0.12055335968379466
1999-10-14,1.88,2.0,1.75,1.88,4100,18.22,0.071134626690182
1999-10-15,1.84,1.88,1.81,1.81,1400,17.61,-0.03347969264544459
1999-10-18,1.91,2.0,1.81,1.94,5500,18.83,0.0692788188529243
1999-10-19,1.88,2.0,1.81,1.94,4500,18.83,0.0
1999-10-20,1.97,2.0,1.88,1.94,3500,18.83,0.0
1999-10-21,1.94,2.0,1.88,1.94,4700,18.83,0.0
1999-10-22,1.88,2.06,1.63,1.69,4400,16.4,-0.1290493892724376
1999-10-25,1.81,1.94,1.75,1.88,4000,18.22,0.11097560975609766
1999-10-26,1.88,2.0,1.88,1.88,2900,18.22,0.0
1999-10-27,2.0,2.0,1.75,1.75,5200,17.01,-0.06641053787047191
1999-10-28,1.81,1.81,1.59,1.59,4800,15.49,-0.08935920047031165
1999-10-29,1.69,1.72,1.59,1.69,7000,16.4,0.05874757908327943
1999-11-01,1.66,1.75,1.63,1.75,2600,17.01,0.037195121951219656
1999-11-02,1.72,1.75,1.63,1.63,1400,15.79,-0.07172251616696079
1999-11-03,1.81,1.81,1.69,1.81,1800,17.61,0.11526282457251424
1999-11-04,1.81,1.88,1.63,1.63,7000,15.79,-0.10335036910846107
1999-11-05,1.81,1.88,1.63,1.88,2000,18.22,0.15389487017099435
1999-11-08,1.91,1.94,1.75,1.75,4100,17.01,-0.06641053787047191
1999-11-09,1.88,1.88,1.75,1.75,2800,17.01,0.0
1999-11-10,1.78,1.81,1.69,1.69,7100,16.4,-0.03586125808348051
1999-11-11,1.88,1.88,1.75,1.88,7500,18.22,0.11097560975609766
1999-11-12,1.88,1.94,1.63,1.81,7000,17.61,-0.03347969264544459
1999-11-15,1.56,1.94,1.37,1.88,8200,18.22,0.03463940942646215
1999-11-16,1.75,1.94,1.75,1.75,4000,17.01,-0.06641053787047191
1999-11-17,1.88,2.0,1.75,2.0,7700,19.44,0.1428571428571428
1999-11-18,2.12,2.56,2.12,2.44,68600,23.69,0.21862139917695478
1999-11-19,2.44,2.69,2.44,2.5,31800,24.29,0.025327142254115476
1999-11-22,2.66,2.94,2.63,2.81,30100,27.33,0.12515438452037864
1999-11-23,2.94,2.94,2.75,2.75,21100,26.72,-0.022319795096963024
1999-11-24,2.78,2.8,2.34,2.38,7900,23.08,-0.13622754491017963
1999-11-26,2.5,2.56,2.31,2.5,10000,24.29,0.05242634315424621
1999-11-29,2.44,2.5,2.19,2.19,10800,21.26,-0.12474269246603531
1999-11-30,2.06,2.25,2.06,2.06,5200,20.04,-0.05738476011288818
1999-12-01,2.16,2.25,2.06,2.06,3200,20.04,0.0
1999-12-02,2.19,2.5,2.03,2.5,287700,24.29,0.21207584830339332
1999-12-03,2.58,2.75,2.19,2.38,20600,23.08,-0.049814738575545525
1999-12-06,2.34,2.5,2.25,2.38,2300,23.08,0.0
1999-12-07,2.31,2.5,2.25,2.25,3700,21.87,-0.05242634315424599
1999-12-08,2.38,2.44,1.75,2.25,11500,21.87,0.0
1999-12-09,2.28,2.5,2.12,2.5,8200,24.29,0.11065386374028341
1999-12-10,2.41,2.5,2.25,2.38,8900,23.08,-0.049814738575545525
1999-12-13,2.25,2.5,2.12,2.38,6500,23.08,0.0
1999-12-14,2.31,2.5,2.25,2.44,10100,23.69,0.026429809358752276
1999-12-16,2.41,2.94,2.38,2.94,17900,28.55,0.20514985225833682
1999-12-17,2.75,2.94,2.69,2.69,7700,26.12,-0.08511383537653239
1999-12-20,2.63,2.75,2.31,2.38,13200,23.08,-0.11638591117917318
1999-12-21,2.31,2.5,2.31,2.5,3600,24.29,0.05242634315424621
1999-12-22,2.41,2.5,2.19,2.5,7600,24.29,0.0
1999-12-23,2.31,2.5,2.31,2.44,6500,23.69,-0.024701523260600933
1999-12-27,2.22,2.56,2.19,2.38,10200,23.08,-0.025749261291684422
1999-12-28,2.38,2.63,2.25,2.44,11800,23.69,0.026429809358752276
1999-12-29,2.53,2.53,2.44,2.5,7200,24.29,0.025327142254115476
1999-12-30,2.53,2.53,2.31,2.31,6300,22.47,-0.0749279538904899
1999-12-31,2.34,2.44,2.25,2.25,4800,21.87,-0.026702269692923775
2000-01-03,2.44,2.75,2.25,2.75,6600,26.72,0.22176497485139457
2000-01-04,2.63,2.75,2.38,2.38,2200,23.08,-0.13622754491017963
2000-01-05,2.12,2.75,2.06,2.75,6300,26.72,0.15771230502599654
2000-01-06,2.75,2.75,2.56,2.75,1200,26.72,0.0
2000-01-07,2.31,2.63,2.25,2.5,5100,24.29,-0.09094311377245512
2000-01-10,2.69,2.69,2.5,2.56,4000,24.9,0.02511321531494448
2000-01-11,2.69,2.69,2.5,2.63,1800,25.51,0.024497991967871613
2000-01-12,2.69,2.87,2.69,2.87,19600,27.94,0.0952567620540965
2000-01-13,2.87,3.69,2.69,3.69,36300,35.84,0.28274874731567645
2000-01-14,3.69,3.75,3.13,3.38,21600,32.8,-0.08482142857142871
2000-01-18,3.62,4.0,3.38,4.0,11300,38.87,0.1850609756097561
2000-01-19,3.89,4.0,3.34,3.34,8600,32.49,-0.16413686647800352
2000-01-20,3.31,3.38,3.13,3.19,6800,30.98,-0.04647583871960603
2000-01-21,3.14,3.25,3.13,3.13,4200,30.37,-0.01969012265978054
2000-01-24,3.22,3.25,3.0,3.0,4300,29.15,-0.04017122160026354
2000-01-25,3.09,3.09,2.75,3.0,2200,29.15,0.0
2000-01-26,2.75,3.13,2.75,3.06,2600,29.76,0.020926243567753078
2000-01-27,3.0,3.31,2.87,2.94,7000,28.55,-0.040658602150537626
2000-01-28,3.13,3.31,2.81,3.0,1600,29.15,0.021015761821365997
2000-01-31,3.0,3.0,2.81,3.0,1600,29.15,0.0
2000-02-01,3.0,3.0,2.75,2.81,1900,27.33,-0.06243567753001722
2000-02-02,2.97,3.13,2.94,3.06,6600,29.76,0.08891328210757421
2000-02-03,3.03,3.03,2.81,3.03,500,29.46,-0.01008064516129037
2000-02-04,2.94,3.06,2.87,3.06,1100,29.76,0.010183299389002087
2000-02-07,2.94,3.0,2.63,2.87,39500,27.94,-0.061155913978494625
2000-02-08,2.78,2.87,2.28,2.59,19400,25.21,-0.09770937723693629
2000-02-09,2.73,3.06,2.66,3.0,59000,29.15,0.15628718762395866
2000-02-10,3.0,3.0,2.94,2.94,4500,28.55,-0.020583190394511064
2000-02-11,2.94,3.06,2.94,3.0,5400,29.15,0.021015761821365997
2000-02-14,2.97,3.19,2.97,3.06,3900,29.76,0.020926243567753078
2000-02-15,3.16,4.0,3.13,3.5,41500,34.01,0.14280913978494603
2000-02-16,3.56,4.0,3.5,3.62,25300,35.23,0.03587180241105559
2000-02-17,3.75,4.0,3.62,3.75,13300,36.44,0.03434572807266534
2000-02-18,3.72,4.25,3.69,3.94,37200,38.26,0.049945115257958195
2000-02-22,4.0,4.37,3.5,3.75,15600,36.44,-0.047569262937794066
2000-02-24,3.5,3.81,3.06,3.25,6700,31.58,-0.1333699231613611
2000-02-25,3.19,3.38,3.13,3.25,183500,31.58,0.0
2000-02-28,3.25,3.38,3.13,3.38,1900,32.8,0.0386320455984801
2000-02-29,3.5,3.75,3.5,3.62,7000,35.23,0.07408536585365844
2000-03-01,3.69,3.75,3.25,3.38,4600,32.8,-0.06897530513766681
2000-03-02,3.5,3.88,3.25,3.75,21700,36.44,0.11097560975609766
2000-03-03,3.66,4.19,3.62,4.13,13200,40.09,0.1001646542261252
2000-03-06,4.31,4.56,3.88,4.06,16800,39.48,-0.015215764529808107
2000-03-07,4.16,4.31,3.94,4.25,20800,41.3,0.046099290780141855
2000-03-08,4.06,4.5,4.0,4.44,31200,43.12,0.04406779661016946
2000-03-09,4.75,6.0,4.5,5.31,79300,51.63,0.1973562152133581
2000-03-10,5.44,5.5,4.88,5.19,17400,50.41,-0.02362967267092786
2000-03-13,5.12,5.16,4.63,4.88,8800,47.38,-0.06010712160285647
2000-03-14,5.0,5.56,5.0,5.0,26900,48.59,0.025538201772900004
2000-03-15,5.0,5.06,4.44,4.44,9200,43.12,-0.11257460382794826
2000-03-16,4.53,4.75,4.25,4.75,5200,46.16,0.07050092764378468
2000-03-17,4.75,5.0,4.44,4.88,2100,47.38,0.026429809358752276
2000-03-20,4.63,5.06,4.5,4.75,2000,46.16,-0.025749261291684422
2000-03-21,4.75,5.0,4.56,4.75,3400,46.16,0.0
2000-03-22,4.88,4.88,4.37,4.5,3600,43.73,-0.05264298093587516
2000-03-23,4.44,4.63,4.37,4.53,1300,44.03,0.00686027898467878
2000-03-24,4.52,4.63,4.13,4.13,10300,40.09,-0.08948444242561882
2000-03-27,4.19,4.19,3.62,3.62,4500,35.23,-0.12122723871289609
2000-03-28,3.75,3.88,3.62,3.88,2300,37.66,0.0689753051376667
2000-03-29,3.75,3.75,3.31,3.31,5700,32.19,-0.14524694636218793
2000-03-30,3.44,3.88,3.38,3.62,8200,35.23,0.09443926685306003
2000-03-31,3.69,3.88,3.41,3.88,6500,37.66,0.0689753051376667
2000-04-03,3.69,3.81,3.38,3.56,1200,34.62,-0.08072225172596914
2000-04-04,3.84,4.13,3.53,4.13,8400,40.09,0.15800115540150217
2000-04-05,3.75,4.0,3.62,3.94,2300,38.26,-0.045647293589423876
2000-04-06,3.88,4.25,3.75,4.19,3700,40.69,0.06351280710925256
2000-04-07,4.28,4.37,4.06,4.06,1800,39.48,-0.029737036126812555
2000-04-10,4.0,4.06,3.75,3.88,3400,37.66,-0.046099290780141855
2000-04-11,3.88,3.88,3.62,3.81,1200,37.05,-0.016197557089750347
2000-04-12,3.69,3.69,3.38,3.38,3700,32.8,-0.11470985155195679
2000-04-13,3.38,3.44,3.0,3.0,6200,29.15,-0.11128048780487798
2000-04-14,3.0,3.0,2.75,3.0,7000,29.15,0.0
2000-04-17,2.69,2.75,2.5,2.69,18800,26.12,-0.10394511149228125
2000-04-18,2.75,2.75,2.5,2.5,4500,24.29,-0.07006125574272593
2000-04-19,2.59,2.87,2.5,2.81,4700,27.33,0.12515438452037864
2000-04-20,3.25,3.88,2.87,3.0,3800,29.15,0.06659348701061107
2000-04-24,3.06,3.5,2.87,2.87,1900,27.94,-0.04150943396226403
2000-04-25,2.94,2.94,2.87,2.87,5400,27.94,0.0
2000-04-26,2.94,3.13,2.91,2.94,2200,28.55,0.021832498210450968
2000-04-27,2.87,3.0,2.81,3.0,2800,29.15,0.021015761821365997
2000-04-28,2.97,2.97,2.75,2.75,2700,26.72,-0.08336192109777019
2000-05-01,2.81,2.81,2.12,2.5,8300,24.29,-0.09094311377245512
2000-05-02,2.41,2.5,2.38,2.38,4500,23.08,-0.049814738575545525
2000-05-03,2.56,2.75,2.38,2.38,700,23.08,0.0
2000-05-04,2.38,2.63,2.38,2.38,1500,23.08,0.0
2000-05-05,2.44,2.5,2.31,2.38,4700,23.08,0.0
2000-05-08,2.25,2.5,2.25,2.5,4400,24.29,0.05242634315424621
2000-05-09,2.44,2.63,2.38,2.44,2500,23.69,-0.024701523260600933
2000-05-10,2.5,2.56,2.44,2.44,2400,23.69,0.0
2000-05-11,2.5,2.56,2.44,2.56,1300,24.9,0.05107640354579979
2000-05-12,2.53,2.53,2.0,2.31,12800,22.47,-0.09759036144578315
2000-05-15,2.19,2.25,2.0,2.12,2600,20.65,-0.0809968847352025
2000-05-16,2.12,2.25,2.06,2.12,2700,20.65,0.0
2000-05-17,2.27,2.75,2.25,2.69,5600,26.12,0.26489104116222784
2000-05-18,2.63,2.63,2.38,2.56,4000,24.9,-0.04670750382848399
2000-05-19,2.56,2.56,2.0,2.19,9800,21.26,-0.14618473895582318
2000-05-22,2.09,2.28,2.0,2.06,7400,20.04,-0.05738476011288818
2000-05-23,2.06,2.06,2.0,2.0,2300,19.44,-0.029940119760478945
2000-05-24,2.12,2.12,2.0,2.0,200,19.44,0.0
2000-05-25,2.0,2.12,2.0,2.0,6600,19.44,0.0
2000-05-26,2.0,2.0,2.0,2.0,200,19.44,0.0
2000-05-30,2.06,2.06,2.0,2.03,2500,19.74,0.015432098765431945
2000-05-31,2.06,2.09,2.0,2.0,800,19.44,-0.015197568389057614
2000-06-01,2.03,2.12,2.0,2.0,1600,19.44,0.0
2000-06-05,2.0,2.06,1.5,2.06,4800,20.04,0.030864197530864113
2000-06-06,2.06,2.06,1.94,1.94,1500,18.83,-0.060379241516966164
2000-06-07,2.0,2.03,2.0,2.0,1500,19.44,0.03239511417950092
2000-06-08,2.02,2.03,1.97,2.0,2500,19.44,0.0
2000-06-12,2.19,2.19,2.13,2.13,4800,20.65,0.062242798353909334
2000-06-13,2.13,2.13,2.0,2.03,4200,19.74,-0.04406779661016946
2000-06-14,2.02,2.03,2.0,2.0,700,19.44,-0.015197568389057614
2000-06-15,2.0,2.03,2.0,2.03,500,19.74,0.015432098765431945
2000-06-16,2.03,2.03,2.0,2.03,4200,19.74,0.0
2000-06-19,2.02,2.03,1.97,2.0,4700,19.44,-0.015197568389057614
2000-06-20,2.0,2.0,1.94,1.94,3700,18.83,-0.031378600823045444
2000-06-21,1.97,2.0,1.94,1.97,1200,19.13,0.01593202336696775
2000-06-22,1.97,2.0,1.88,1.94,2600,18.83,-0.015682174594877196
2000-06-23,1.94,1.97,1.69,1.69,8200,16.4,-0.1290493892724376
2000-06-26,1.84,1.88,1.81,1.88,2600,18.22,0.11097560975609766
2000-06-27,1.88,1.94,1.75,1.78,3900,17.31,-0.049945115257958306
2000-06-28,1.88,1.94,1.81,1.94,10400,18.83,0.08781051415366847
2000-06-29,1.91,2.13,1.88,2.13,36500,20.65,0.09665427509293689
2000-06-30,2.16,2.25,2.0,2.13,1900,20.65,0.0
2000-07-03,2.06,2.13,2.0,2.0,4100,19.44,-0.058595641646489005
2000-07-05,2.13,2.13,2.0,2.0,3700,19.44,0.0
2000-07-06,2.03,2.06,2.0,2.06,17800,20.04,0.030864197530864113
2000-07-07,2.0,2.06,2.0,2.0,3400,19.44,-0.029940119760478945
2000-07-10,2.0,2.03,2.0,2.03,2500,19.74,0.015432098765431945
2000-07-11,2.0,2.0,2.0,2.0,1700,19.44,-0.015197568389057614
2000-07-12,2.03,2.06,2.0,2.03,1300,19.74,0.015432098765431945
2000-07-13,2.06,2.06,2.0,2.0,10300,19.44,-0.015197568389057614
2000-07-14,1.94,2.06,1.94,1.95,35300,18.98,-0.02366255144032925
2000-07-17,2.0,2.06,1.94,1.94,3100,18.83,-0.007903055848261453
2000-07-18,2.0,2.0,1.88,1.88,1600,18.22,-0.032395114179500806
2000-07-19,1.94,2.0,1.88,2.0,33000,19.44,0.06695938529088918
2000-07-21,1.75,2.06,1.75,1.88,37600,18.22,-0.06275720164609067
2000-07-24,1.91,2.09,1.81,2.0,3300,19.44,0.06695938529088918
2000-07-25,2.06,2.06,1.81,1.88,3600,18.22,-0.06275720164609067
2000-07-26,1.88,2.06,1.81,2.0,800,19.44,0.06695938529088918
2000-07-27,1.88,1.94,1.81,1.81,800,17.61,-0.09413580246913589
2000-07-28,1.91,2.06,1.81,2.0,1000,19.44,0.1039182282793869
2000-07-31,2.03,2.06,2.0,2.0,1200,19.44,0.0
2000-08-01,2.03,2.09,2.0,2.0,1600,19.44,0.0
2000-08-02,2.0,2.0,2.0,2.0,400,19.44,0.0
2000-08-03,2.03,2.06,2.0,2.06,1900,20.04,0.030864197530864113
2000-08-04,2.09,2.09,2.0,2.06,3700,20.04,0.0
2000-08-07,2.06,2.06,2.06,2.06,100,20.04,0.0
2000-08-08,2.0,2.06,2.0,2.0,400,19.44,-0.029940119760478945
2000-08-09,2.0,2.13,2.0,2.13,6400,20.65,0.062242798353909334
2000-08-10,2.09,2.13,2.09,2.09,500,20.35,-0.014527845036319431
2000-08-11,2.09,2.09,2.09,2.09,300,20.35,0.0
2000-08-14,2.14,2.38,2.06,2.19,51400,21.26,0.044717444717444765
2000-08-15,2.38,2.69,2.34,2.69,9300,26.12,0.22859830667920966
2000-08-16,2.59,2.69,2.38,2.56,2800,24.9,-0.04670750382848399
2000-08-17,2.56,2.56,2.5,2.5,400,24.29,-0.024497991967871502
2000-08-18,2.64,2.75,2.38,2.38,2100,23.08,-0.049814738575545525
2000-08-21,2.53,3.25,2.5,3.13,18200,30.37,0.3158578856152514
2000-08-22,4.47,4.47,3.38,3.81,49000,37.05,0.21995390187685193
2000-08-23,3.89,3.94,3.13,3.44,13600,33.41,-0.09824561403508769
2000-08-24,3.69,3.88,3.38,3.38,7200,32.8,-0.01825800658485477
2000-08-25,3.47,3.47,2.94,2.97,6100,28.85,-0.12042682926829251
2000-08-30,4.0,4.13,3.63,3.63,12000,35.23,0.22114384748700155
2000-08-31,3.66,3.75,3.31,3.75,15000,36.44,0.03434572807266534
2000-09-01,3.75,3.88,3.56,3.88,6800,37.66,0.03347969264544459
2000-09-05,4.0,4.25,3.88,4.0,20200,38.87,0.0321295804567181
2000-09-06,4.03,4.25,4.0,4.13,9700,40.09,0.03138667352714197
2000-09-07,4.13,4.22,4.06,4.13,5600,40.09,0.0
2000-09-08,4.16,4.31,4.06,4.06,8800,39.48,-0.015215764529808107
2000-09-11,4.13,4.38,4.0,4.0,6500,38.87,-0.015450861195542065
2000-09-12,4.0,4.0,3.5,3.66,4200,35.53,-0.08592745047594541
2000-09-13,3.63,3.69,3.25,3.34,5000,32.49,-0.08556149732620322
2000-09-14,3.41,3.5,3.19,3.28,4800,31.89,-0.01846722068328721
2000-09-15,3.31,3.53,3.19,3.31,5700,32.19,0.00940733772342428
2000-09-18,3.36,3.5,3.25,3.25,2300,31.58,-0.018949984467225844
2000-09-19,3.34,3.34,3.06,3.13,1800,30.37,-0.03831538948701707
2000-09-20,3.06,3.13,2.88,3.0,7700,29.15,-0.04017122160026354
2000-09-21,2.91,3.0,2.88,2.94,4200,28.55,-0.020583190394511064
2000-09-22,2.7,2.91,2.63,2.88,5800,27.94,-0.02136602451838876
2000-09-25,2.88,2.94,2.75,2.81,1900,27.33,-0.02183249821045108
2000-09-26,2.75,2.94,2.75,2.88,4100,27.94,0.022319795096963135
2000-09-27,2.84,3.13,2.75,3.0,2000,29.15,0.04330708661417315
2000-09-28,3.03,3.25,3.0,3.0,6100,29.15,0.0
2000-09-29,2.94,3.06,2.81,2.94,2900,28.55,-0.020583190394511064
2000-10-02,2.94,2.94,2.81,2.81,2900,27.33,-0.04273204903677763
2000-10-03,2.59,2.81,2.44,2.5,21500,24.29,-0.11123307720453712
2000-10-04,2.27,2.47,2.25,2.47,7200,23.99,-0.012350761630300577
2000-10-05,2.38,2.38,2.19,2.25,6200,21.87,-0.08837015423092942
2000-10-06,2.19,2.25,2.13,2.16,4600,20.95,-0.04206675811614091
2000-10-09,2.13,2.19,2.0,2.0,17300,19.44,-0.07207637231503572
2000-10-10,1.98,2.06,1.94,2.0,23100,19.44,0.0
2000-10-11,2.06,2.06,1.81,1.97,12700,19.13,-0.015946502057613277
2000-10-12,1.97,2.0,1.75,1.91,1400,18.52,-0.03188708834291687
2000-10-13,1.92,2.03,1.88,2.0,2300,19.44,0.04967602591792675
2000-10-16,2.03,2.06,1.78,2.0,3900,19.44,0.0
2000-10-17,1.81,2.0,1.81,1.84,700,17.92,-0.07818930041152261
2000-10-18,1.88,2.0,1.75,1.97,2800,19.13,0.06752232142857117
2000-10-19,1.97,2.0,1.84,1.94,15800,18.83,-0.015682174594877196
2000-10-20,1.91,2.0,1.88,1.94,4100,18.83,0.0
2000-10-23,1.94,1.94,1.75,1.75,10100,17.01,-0.09665427509293667
2000-10-24,1.75,1.94,1.69,1.69,6000,16.4,-0.03586125808348051
2000-10-25,1.75,1.75,1.56,1.75,6300,17.01,0.037195121951219656
2000-10-26,1.73,1.81,1.56,1.81,20700,17.61,0.035273368606701716
2000-10-27,1.88,1.88,1.44,1.56,39600,15.18,-0.13798977853492334
2000-10-30,1.56,1.75,1.5,1.53,3900,14.88,-0.019762845849802257
2000-10-31,1.69,1.69,1.38,1.41,11100,13.67,-0.08131720430107536
2000-11-01,1.42,1.63,1.41,1.63,2800,15.79,0.15508412582297004
2000-11-02,1.63,1.81,1.61,1.69,6600,16.4,0.0386320455984801
2000-11-03,1.69,2.0,1.63,1.78,9600,17.31,0.05548780487804872
2000-11-06,1.88,2.0,1.77,2.0,7400,19.44,0.12305025996533803
2000-11-07,1.97,2.19,1.94,2.0,14600,19.44,0.0
2000-11-08,2.11,2.13,2.0,2.0,1800,19.44,0.0
2000-11-09,2.0,2.0,1.78,1.81,3500,17.61,-0.09413580246913589
2000-11-10,1.78,1.81,1.63,1.63,1900,15.79,-0.10335036910846107
2000-11-13,1.66,1.66,1.5,1.53,2300,14.88,-0.05763141228625701
2000-11-14,1.5,1.81,1.5,1.63,5600,15.79,0.061155913978494514
2000-11-15,1.73,1.75,1.53,1.63,900,15.79,0.0
2000-11-16,1.53,1.63,1.53,1.56,1400,15.18,-0.03863204559847999
2000-11-17,1.61,1.81,1.56,1.81,2000,17.61,0.16007905138339917
2000-11-20,1.63,1.88,1.63,1.63,4100,15.79,-0.10335036910846107
2000-11-21,1.69,1.75,1.53,1.75,6000,17.01,0.0772640911969602
2000-11-22,1.75,1.75,1.5,1.56,5200,15.18,-0.10758377425044097
2000-11-24,1.61,1.75,1.61,1.69,12400,16.4,0.08036890645586281
2000-11-27,1.75,1.88,1.63,1.75,4700,17.01,0.037195121951219656
2000-11-28,1.73,1.81,1.63,1.81,3800,17.61,0.035273368606701716
2000-11-29,1.75,1.81,1.63,1.75,3400,17.01,-0.03407155025553654
2000-11-30,1.66,1.75,1.38,1.63,4800,15.79,-0.07172251616696079
2000-12-01,1.63,1.69,1.38,1.44,1900,13.97,-0.11526282457251413
2000-12-04,1.5,1.5,1.25,1.31,8300,12.75,-0.08732999284180387
2000-12-05,1.31,1.5,1.25,1.5,17700,14.58,0.1435294117647059
2000-12-06,1.27,1.5,1.25,1.31,5500,12.75,-0.1255144032921811
2000-12-07,1.31,1.44,1.28,1.31,2500,12.75,0.0
2000-12-08,1.44,1.5,1.41,1.5,2700,14.58,0.1435294117647059
2000-12-11,1.5,1.5,1.41,1.41,1600,13.67,-0.06241426611796985
2000-12-12,1.38,1.44,1.25,1.31,3700,12.75,-0.06730065837600585
2000-12-13,1.25,1.5,1.25,1.38,2700,13.36,0.04784313725490197
2000-12-14,1.38,1.38,1.25,1.25,7000,12.15,-0.09056886227544902
2000-12-15,1.19,1.34,1.03,1.19,5000,11.54,-0.05020576131687249
2000-12-18,1.17,1.38,1.13,1.31,3300,12.75,0.1048526863084922
2000-12-19,1.27,1.27,1.13,1.13,3200,10.93,-0.14274509803921576
2000-12-20,0.94,1.13,0.94,1.09,9500,10.63,-0.027447392497712664
2000-12-21,1.0,1.13,1.0,1.03,5800,10.02,-0.05738476011288818
2000-12-22,1.05,1.05,0.69,0.88,14300,8.5,-0.15169660678642716
2000-12-26,0.91,1.0,0.75,0.88,12600,8.5,0.0
2000-12-27,0.94,1.06,0.81,0.94,15000,9.11,0.07176470588235295
2000-12-28,1.0,1.06,0.78,0.81,17000,7.9,-0.13282107574094393
2000-12-29,0.78,0.88,0.59,0.69,32300,6.68,-0.1544303797468355
2001-01-02,0.77,0.81,0.66,0.75,10000,7.29,0.09131736526946121
2001-01-03,0.73,0.94,0.72,0.88,3700,8.5,0.16598079561042534
2001-01-04,0.86,1.31,0.81,1.03,6300,10.02,0.1788235294117646
2001-01-05,1.06,1.34,1.0,1.34,11600,13.06,0.3033932135728543
2001-01-08,1.31,1.31,1.13,1.25,2400,12.15,-0.06967840735068909
2001-01-09,1.19,1.19,1.13,1.13,300,10.93,-0.10041152263374487
2001-01-10,1.13,1.16,1.09,1.13,3600,10.93,0.0
2001-01-11,1.13,1.25,1.06,1.09,5800,10.63,-0.027447392497712664
2001-01-12,1.06,1.09,1.03,1.09,1900,10.63,0.0
2001-01-16,1.13,1.16,1.09,1.13,8500,10.93,0.02822201317027262
2001-01-17,1.13,1.13,1.09,1.09,6300,10.63,-0.027447392497712664
2001-01-18,1.09,1.09,1.03,1.06,12200,10.33,-0.02822201317027284
2001-01-19,1.06,1.06,1.03,1.06,6300,10.33,0.0
2001-01-22,1.05,1.09,1.03,1.03,4400,10.02,-0.030009680542110395
2001-01-23,1.19,1.19,1.06,1.16,2400,11.24,0.12175648702594821
2001-01-24,1.16,1.16,1.06,1.09,3600,10.63,-0.05427046263345192
2001-01-25,1.53,1.56,1.22,1.25,6800,12.15,0.14299153339604898
2001-01-26,1.3,1.41,1.19,1.41,1600,13.67,0.12510288065843622
2001-01-29,1.38,1.41,1.34,1.41,1200,13.67,0.0
2001-01-30,1.41,1.41,1.25,1.31,8100,12.75,-0.06730065837600585
2001-01-31,1.31,1.38,1.31,1.38,4400,13.36,0.04784313725490197
2001-02-01,1.31,1.38,1.31,1.38,1300,13.36,0.0
2001-02-02,1.34,1.44,1.28,1.28,4500,12.45,-0.06811377245508987
2001-02-05,1.25,1.25,1.25,1.25,2100,12.15,-0.02409638554216864
2001-02-06,1.31,1.41,1.31,1.31,400,12.75,0.04938271604938271
2001-02-07,1.38,1.5,1.25,1.31,8100,12.75,0.0
2001-02-08,1.31,1.31,1.06,1.06,10500,10.33,-0.18980392156862746
2001-02-09,1.13,1.31,1.06,1.13,1600,10.93,0.05808325266214909
2001-02-12,1.28,1.31,1.09,1.25,2300,12.15,0.11161939615736505
2001-02-13,1.13,1.31,1.13,1.13,700,10.93,-0.10041152263374487
2001-02-14,1.06,1.31,1.06,1.19,1800,11.54,0.05580969807868241
2001-02-15,1.06,1.16,1.06,1.13,300,10.93,-0.05285961871750433
2001-02-16,1.08,1.13,1.08,1.09,1200,10.63,-0.027447392497712664
2001-02-20,1.14,1.38,1.13,1.31,2000,12.75,0.19943555973659444
2001-02-21,1.13,1.38,1.13,1.31,2000,12.75,0.0
2001-02-22,1.34,1.34,1.19,1.25,900,12.15,-0.04705882352941171
2001-02-23,1.25,1.25,1.06,1.06,6600,10.33,-0.14979423868312758
2001-02-26,1.06,1.13,1.06,1.13,1200,10.93,0.05808325266214909
2001-02-27,1.06,1.09,0.81,1.09,3000,10.63,-0.027447392497712664
2001-02-28,1.06,1.06,1.0,1.06,600,10.33,-0.02822201317027284
2001-03-01,1.08,1.08,1.0,1.06,1000,10.33,0.0
2001-03-02,1.09,1.09,0.88,1.0,800,9.72,-0.05905130687318483
2001-03-05,1.14,1.19,1.06,1.06,9700,10.33,0.06275720164609044
2001-03-06,1.19,1.19,1.06,1.19,3000,11.54,0.11713455953533392
2001-03-07,1.13,1.19,1.13,1.19,200,11.54,0.0
2001-03-08,1.17,1.19,1.09,1.09,300,10.63,-0.07885615251299816
2001-03-09,1.13,1.31,1.13,1.31,9200,12.75,0.19943555973659444
2001-03-12,1.31,1.44,1.31,1.38,8500,13.36,0.04784313725490197
2001-03-13,1.44,1.44,1.25,1.38,3200,13.36,0.0
2001-03-14,1.39,1.41,1.25,1.25,900,12.15,-0.09056886227544902
2001-03-15,1.41,1.44,1.13,1.44,63200,13.97,0.1497942386831277
2001-03-16,1.42,1.44,1.19,1.42,1500,13.82,-0.010737294201861203
2001-03-19,1.48,1.48,1.38,1.47,1800,14.27,0.0325615050651229
2001-03-20,1.47,1.5,1.44,1.44,3100,13.97,-0.021023125437981682
2001-03-21,1.5,1.5,1.13,1.31,5300,12.75,-0.08732999284180387
2001-03-22,1.27,1.31,1.25,1.31,200,12.75,0.0
2001-03-23,1.25,1.47,1.25,1.47,1100,14.27,0.11921568627450974
2001-03-26,1.5,1.5,1.38,1.44,400,13.97,-0.021023125437981682
2001-03-27,1.39,1.47,1.13,1.13,8900,10.93,-0.21760916249105233
2001-03-28,1.13,1.31,1.13,1.31,1300,12.75,0.1665141811527906
2001-03-29,1.28,1.28,1.0,1.06,8000,10.33,-0.18980392156862746
2001-03-30,1.19,1.19,1.0,1.0,11000,9.72,-0.05905130687318483
2001-04-02,1.02,1.19,1.0,1.09,9100,10.63,0.09362139917695478
2001-04-03,1.09,1.19,1.06,1.09,1200,10.63,0.0
2001-04-04,1.09,1.19,1.09,1.13,100600,10.93,0.02822201317027262
2001-04-05,1.13,1.19,1.06,1.16,3200,11.24,0.02836230558096986
2001-04-06,1.16,1.16,1.09,1.09,400,10.63,-0.05427046263345192
2001-04-09,1.11,1.13,1.09,1.12,1000,10.88,0.0235183443085607
2001-04-10,1.11,1.25,1.11,1.15,3100,11.18,0.027573529411764497
2001-04-11,1.22,1.23,1.14,1.14,13000,11.08,-0.008944543828264706
2001-04-12,1.19,1.2,1.07,1.17,2000,11.37,0.026173285198555885
2001-04-16,1.15,1.31,1.0,1.23,3500,11.95,0.05101143359718563
2001-04-17,1.08,1.18,1.05,1.1,500,10.69,-0.10543933054393306
2001-04-18,1.1,1.23,1.1,1.1,1800,10.69,0.0
2001-04-19,1.25,1.25,1.1,1.1,500,10.69,0.0
2001-04-20,1.24,1.27,1.21,1.21,2000,11.76,0.10009354536950421
2001-04-23,1.21,1.24,1.21,1.22,700,11.86,0.008503401360544283
2001-04-24,1.21,1.27,1.15,1.27,3200,12.34,0.0404721753794266
2001-04-25,1.25,1.32,1.25,1.25,2700,12.15,-0.015397082658022643
2001-04-26,1.3,1.3,1.08,1.14,4100,11.08,-0.08806584362139924
2001-04-27,1.24,1.29,1.21,1.29,400,12.54,0.13176895306859193
2001-04-30,1.29,1.35,1.25,1.26,5100,12.24,-0.023923444976076458
2001-05-01,1.2,1.35,1.12,1.35,12100,13.12,0.07189542483660127
2001-05-02,1.34,1.39,1.33,1.33,1900,12.92,-0.015243902439024293
2001-05-03,1.35,1.37,1.33,1.36,1800,13.22,0.023219814241486114
2001-05-04,1.33,1.35,1.21,1.33,700,12.92,-0.0226928895612708
2001-05-07,1.32,1.35,1.32,1.34,1700,13.02,0.007739938080495223
2001-05-08,1.33,1.39,1.33,1.38,800,13.41,0.02995391705069128
2001-05-09,1.4,1.44,1.32,1.32,12100,12.83,-0.04325130499627139
2001-05-10,1.36,1.37,1.31,1.35,2500,13.12,0.02260327357755254
2001-05-11,1.32,1.35,1.32,1.34,6900,13.02,-0.007621951219512146
2001-05-14,1.33,1.33,1.21,1.28,3400,12.44,-0.044546850998463894
2001-05-15,1.27,1.32,1.27,1.32,400,12.83,0.031350482315112504
2001-05-16,1.28,1.3,1.22,1.22,2100,11.86,-0.07560405300077944
2001-05-17,1.21,1.3,1.2,1.3,5300,12.63,0.06492411467116366
2001-05-18,1.3,1.3,1.21,1.22,1100,11.86,-0.06096595407759309
2001-05-21,1.22,1.3,1.2,1.23,12300,11.95,0.007588532883642474
2001-05-22,1.24,1.28,1.24,1.28,500,12.44,0.041004184100418506
2001-05-23,1.28,1.3,1.15,1.15,12300,11.18,-0.1012861736334405
2001-05-24,1.2,1.39,0.95,1.29,261500,12.54,0.12164579606440062
2001-05-25,1.37,1.4,1.25,1.25,4600,12.15,-0.031100478468899406
2001-05-29,1.25,1.27,1.22,1.22,600,11.86,-0.023868312757201693
2001-05-30,1.2,1.26,1.14,1.24,7400,12.05,0.016020236087689765
2001-05-31,1.24,1.25,1.18,1.18,200,11.47,-0.0481327800829876
2001-06-01,1.25,1.25,1.2,1.2,700,11.66,0.016564952048822912
2001-06-04,1.18,1.25,1.1,1.25,1900,12.15,0.04202401372212705
2001-06-05,1.13,1.25,1.13,1.17,1200,11.37,-0.06419753086419766
2001-06-06,1.25,1.25,1.15,1.24,400,12.05,0.0598065083553212
2001-06-07,1.23,1.25,1.16,1.23,700,11.95,-0.008298755186722073
2001-06-08,1.18,1.19,1.16,1.16,300,11.27,-0.056903765690376584
2001-06-11,1.2,1.2,1.15,1.2,2800,11.66,0.03460514640638879
2001-06-12,1.16,1.16,1.15,1.16,1600,11.27,-0.0334476843910807
2001-06-13,1.15,1.2,1.14,1.2,100,11.66,0.03460514640638879
2001-06-14,1.14,1.15,1.1,1.1,2100,10.69,-0.08319039451114929
2001-06-15,1.1,1.2,1.08,1.08,500,10.5,-0.017773620205799756
2001-06-18,1.1,1.19,1.1,1.11,300,10.79,0.027619047619047432
2001-06-19,1.11,1.11,1.11,1.11,100,10.79,0.0
2001-06-20,1.09,1.1,1.08,1.08,1600,10.5,-0.02687673772011112
2001-06-21,1.13,1.17,1.13,1.14,500,11.08,0.05523809523809531
2001-06-22,1.2,1.2,1.15,1.15,400,11.18,0.00902527075812265
2001-06-25,1.08,1.08,1.08,1.08,200,10.5,-0.06082289803220031
2001-06-26,1.12,1.12,1.04,1.04,2300,10.11,-0.037142857142857144
2001-06-27,1.02,1.09,1.02,1.09,200,10.59,0.04747774480712175
2001-06-28,1.09,1.09,1.05,1.05,100,10.2,-0.03682719546742219
2001-06-29,1.07,1.1,1.07,1.07,200,10.4,0.019607843137255054
2001-07-02,1.1,1.15,1.07,1.11,1100,10.79,0.03749999999999987
2001-07-03,1.11,1.11,1.11,1.11,0,10.79,0.0
2001-07-05,1.11,1.11,1.06,1.06,100,10.3,-0.04541241890639469
2001-07-06,1.1,1.1,1.03,1.03,2100,10.01,-0.028155339805825297
2001-07-09,1.03,1.07,1.03,1.07,100,10.4,0.038961038961039085
2001-07-10,1.07,1.12,1.03,1.03,600,10.01,-0.03750000000000009
2001-07-11,1.03,1.03,1.03,1.03,200,10.01,0.0
2001-07-12,1.04,1.12,1.02,1.02,1200,9.91,-0.009990009990009985
2001-07-13,1.02,1.02,1.02,1.02,300,9.91,0.0
2001-07-16,1.02,1.05,1.01,1.05,900,10.2,0.029263370332996974
2001-07-17,1.02,1.02,1.0,1.01,1400,9.82,-0.03725490196078418
2001-07-18,1.03,1.05,1.03,1.05,600,10.2,0.038696537678207577
2001-07-19,1.04,1.04,1.0,1.04,600,10.11,-0.008823529411764675
2001-07-20,1.01,1.01,1.01,1.01,200,9.82,-0.028684470820969254
2001-07-23,1.0,1.12,1.0,1.01,2500,9.82,0.0
2001-07-24,1.12,1.12,1.0,1.12,600,10.88,0.10794297352342164
2001-07-25,1.12,1.15,1.07,1.1,2900,10.69,-0.01746323529411775
2001-07-26,1.06,1.14,1.0,1.1,1400,10.69,0.0
2001-07-27,1.14,1.14,1.1,1.13,1000,10.98,0.027128157156220745
2001-07-30,1.1,1.2,1.08,1.15,2600,11.18,0.01821493624772308
2001-07-31,1.21,1.3,1.21,1.25,3500,12.15,0.08676207513416823
2001-08-01,1.29,1.31,1.2,1.2,3400,11.66,-0.04032921810699586
2001-08-02,1.21,1.21,1.2,1.2,200,11.66,0.0
2001-08-03,1.21,1.21,1.15,1.15,600,11.18,-0.04116638078902235
2001-08-06,1.12,1.12,1.09,1.09,800,10.59,-0.05277280858676203
2001-08-07,1.09,1.1,0.88,1.1,2800,10.69,0.009442870632672351
2001-08-08,1.1,1.1,1.1,1.1,0,10.69,0.0
2001-08-09,0.97,1.1,0.97,1.1,100,10.69,0.0
2001-08-10,1.0,1.1,1.0,1.1,200,10.69,0.0
2001-08-13,1.0,1.09,1.0,1.09,100,10.59,-0.009354536950420878
2001-08-14,1.0,1.05,0.92,1.03,2700,10.01,-0.05476864966949957
2001-08-15,1.06,1.06,1.0,1.01,1400,9.82,-0.018981018981018893
2001-08-16,1.05,1.05,1.0,1.0,100,9.72,-0.010183299389001976
2001-08-17,1.0,1.02,1.0,1.02,300,9.91,0.019547325102880597
2001-08-20,1.04,1.05,0.93,1.0,900,9.72,-0.019172552976791102
2001-08-21,1.0,1.0,0.9,1.0,1000,9.72,0.0
2001-08-22,1.0,1.0,0.75,0.85,4500,8.26,-0.15020576131687247
2001-08-23,0.8,0.9,0.77,0.9,1000,8.75,0.05932203389830515
2001-08-24,0.9,0.94,0.9,0.94,200,9.13,0.043428571428571594
2001-08-27,0.88,0.94,0.88,0.94,600,9.13,0.0
2001-08-28,0.91,0.95,0.9,0.95,100,9.23,0.010952902519167473
2001-08-29,0.95,0.98,0.95,0.98,200,9.52,0.031419284940411574
2001-08-30,0.98,0.98,0.9,0.94,600,9.13,-0.0409663865546217
2001-08-31,0.9,0.94,0.84,0.93,800,9.04,-0.009857612267251015
2001-09-04,0.86,0.92,0.84,0.92,200,8.94,-0.011061946902654829
2001-09-05,0.98,1.09,0.92,1.09,1500,10.59,0.18456375838926187
2001-09-06,0.93,1.04,0.92,1.04,300,10.11,-0.04532577903682722
2001-09-07,0.92,0.92,0.92,0.92,500,8.94,-0.11572700296735905
2001-09-10,0.9,0.95,0.75,0.95,1200,9.23,0.032438478747203625
2001-09-17,0.94,1.09,0.75,0.9,2300,8.75,-0.05200433369447455
2001-09-18,0.95,0.95,0.76,0.83,1800,8.07,-0.07771428571428574
2001-09-19,0.81,0.81,0.75,0.79,1000,7.68,-0.048327137546468446
2001-09-20,0.76,0.8,0.72,0.8,500,7.77,0.01171875
2001-09-21,0.79,0.79,0.76,0.79,100,7.68,-0.01158301158301156
2001-09-24,0.77,0.83,0.77,0.83,1400,8.07,0.05078125
2001-09-25,0.84,0.85,0.65,0.84,800,8.16,0.011152416356877248
2001-09-26,0.87,0.93,0.85,0.85,500,8.26,0.01225490196078427
2001-09-27,0.9,0.9,0.74,0.82,2200,7.97,-0.03510895883777243
2001-09-28,0.8,0.8,0.5,0.69,2300,6.71,-0.15809284818067748
2001-10-01,0.75,0.75,0.58,0.69,1200,6.71,0.0
2001-10-02,0.6,0.65,0.55,0.62,4500,6.03,-0.10134128166915046
2001-10-03,0.59,0.85,0.59,0.76,5300,7.39,0.22553897180762839
2001-10-04,0.8,1.1,0.72,0.95,5300,9.23,0.24898511502029774
2001-10-05,0.99,1.0,0.85,0.85,2100,8.26,-0.10509209100758399
2001-10-08,0.88,1.04,0.88,0.89,1800,8.65,0.0472154963680389
2001-10-09,0.9,0.9,0.61,0.8,8700,7.77,-0.10173410404624283
2001-10-10,0.77,0.8,0.7,0.8,900,7.77,0.0
2001-10-11,0.79,0.8,0.7,0.79,600,7.68,-0.01158301158301156
2001-10-12,0.7,0.79,0.7,0.79,1000,7.68,0.0
2001-10-15,0.65,0.8,0.62,0.62,5100,6.03,-0.2148437499999999
2001-10-16,0.7,0.75,0.6,0.62,18300,6.03,0.0
2001-10-17,0.64,0.7,0.62,0.7,2600,6.8,0.1276948590381426
2001-10-18,0.7,0.7,0.65,0.7,1400,6.8,0.0
2001-10-19,0.7,0.7,0.7,0.7,0,6.8,0.0
2001-10-22,0.7,0.7,0.62,0.65,900,6.32,-0.07058823529411762
2001-10-23,0.67,0.68,0.61,0.68,1200,6.61,0.04588607594936711
2001-10-24,0.68,0.68,0.58,0.63,3300,6.12,-0.07413010590015134
2001-10-25,0.62,0.63,0.52,0.53,2800,5.15,-0.15849673202614378
2001-10-26,0.62,0.63,0.51,0.57,8700,5.54,0.0757281553398057
2001-10-29,0.57,0.59,0.5,0.57,4400,5.54,0.0
2001-10-30,0.51,0.6,0.51,0.57,1400,5.54,0.0
2001-10-31,0.6,0.6,0.57,0.57,3700,5.54,0.0
2001-11-01,0.6,0.67,0.59,0.67,2700,6.51,0.17509025270758127
2001-11-02,0.6,0.63,0.51,0.63,3300,6.12,-0.05990783410138245
2001-11-05,0.51,0.64,0.51,0.56,2300,5.44,-0.11111111111111105
2001-11-06,0.62,0.67,0.56,0.57,1300,5.54,0.018382352941176405
2001-11-07,0.66,0.67,0.58,0.63,2500,6.12,0.10469314079422376
2001-11-08,0.61,0.67,0.6,0.66,24000,6.41,0.04738562091503273
2001-11-09,0.67,0.7,0.66,0.68,900,6.61,0.03120124804992197
2001-11-12,0.69,0.71,0.65,0.7,2000,6.8,0.02874432677760952
2001-11-13,0.67,0.88,0.65,0.74,6700,7.19,0.057352941176470607
2001-11-14,0.71,0.93,0.69,0.75,500,7.29,0.013908205841446364
2001-11-15,0.77,0.83,0.77,0.82,700,7.97,0.09327846364883396
2001-11-16,0.82,0.88,0.82,0.84,2000,8.16,0.023839397741530766
2001-11-19,0.84,0.96,0.8,0.96,4000,9.33,0.1433823529411764
2001-11-20,0.99,1.0,0.91,0.95,5500,9.23,-0.010718113612004254
2001-11-21,0.95,1.0,0.8,0.8,2400,7.77,-0.15817984832069343
2001-11-23,0.93,0.94,0.93,0.93,400,9.04,0.1634491634491635
2001-11-26,0.97,0.97,0.81,0.93,2900,9.04,0.0
2001-11-27,0.92,0.98,0.91,0.91,2400,8.84,-0.022123893805309658
2001-11-28,0.96,1.0,0.91,0.97,700,9.43,0.06674208144796379
2001-11-29,0.97,0.99,0.9,0.95,1700,9.23,-0.02120890774125128
2001-11-30,0.86,0.94,0.86,0.94,1400,9.13,-0.010834236186348822
2001-12-03,0.94,0.95,0.81,0.85,3500,8.26,-0.095290251916758
2001-12-04,0.84,0.91,0.81,0.9,2000,8.75,0.05932203389830515
2001-12-05,0.85,0.9,0.84,0.87,3000,8.45,-0.034285714285714364
2001-12-06,0.93,0.94,0.84,0.84,3600,8.16,-0.03431952662721882
2001-12-07,0.85,0.9,0.81,0.82,3300,7.97,-0.023284313725490224
2001-12-10,0.82,0.84,0.8,0.8,1400,7.77,-0.025094102885821812
2001-12-11,0.8,0.84,0.79,0.79,2000,7.68,-0.01158301158301156
2001-12-12,0.82,0.82,0.77,0.82,2800,7.97,0.03776041666666674
2001-12-13,0.77,0.8,0.75,0.76,600,7.39,-0.07277289836888334
2001-12-14,0.81,0.84,0.8,0.8,2500,7.77,0.051420838971583116
2001-12-17,0.8,0.82,0.8,0.82,2000,7.97,0.025740025740025763
2001-12-18,0.83,0.86,0.8,0.81,6600,7.87,-0.012547051442910906
2001-12-19,0.76,0.85,0.75,0.83,4800,8.07,0.02541296060991116
2001-12-20,0.84,0.94,0.84,0.89,4000,8.65,0.07187112763320935
2001-12-21,0.86,0.95,0.76,0.89,6700,8.65,0.0
2001-12-24,0.81,0.85,0.81,0.81,700,7.87,-0.09017341040462434
2001-12-26,0.81,0.89,0.81,0.83,1500,8.07,0.02541296060991116
2001-12-27,0.83,0.87,0.78,0.82,4600,7.97,-0.01239157372986377
2001-12-28,0.82,0.88,0.81,0.88,5200,8.55,0.07277289836888334
2001-12-31,0.9,1.03,0.9,1.0,11600,9.72,0.13684210526315788
2002-01-02,1.02,1.1,1.01,1.1,6400,10.69,0.09979423868312742
2002-01-03,1.12,1.2,1.06,1.17,2600,11.37,0.06361085126286237
2002-01-04,1.25,1.47,1.15,1.35,9200,13.12,0.15391380826737033
2002-01-07,1.36,1.37,1.13,1.2,4000,11.66,-0.11128048780487798
2002-01-08,1.22,1.35,1.2,1.26,3200,12.24,0.0497427101200687
2002-01-09,1.18,1.38,1.18,1.2,2300,11.66,-0.04738562091503273
2002-01-10,1.3,1.3,1.23,1.26,1600,12.24,0.0497427101200687
2002-01-11,1.35,1.35,1.12,1.21,2600,11.76,-0.03921568627450989
2002-01-14,1.15,1.25,1.15,1.16,200,11.27,-0.04166666666666674
2002-01-15,1.25,1.27,1.15,1.25,1600,12.15,0.07808340727595398
2002-01-16,1.29,1.29,1.12,1.12,1300,10.88,-0.1045267489711934
2002-01-17,1.17,1.27,1.17,1.25,1200,12.15,0.11672794117647056
2002-01-18,1.17,1.18,1.13,1.15,1100,11.18,-0.07983539094650216
2002-01-22,1.11,1.2,1.11,1.2,500,11.66,0.0429338103756709
2002-01-23,1.2,1.21,1.15,1.15,900,11.18,-0.04116638078902235
2002-01-24,1.15,1.2,1.15,1.15,900,11.18,0.0
2002-01-25,1.18,1.18,1.15,1.15,300,11.18,0.0
2002-01-28,1.15,1.16,1.15,1.16,100,11.27,0.00805008944543828
2002-01-29,1.16,1.2,1.16,1.16,1600,11.27,0.0
2002-01-30,1.17,1.19,1.16,1.19,600,11.56,0.025732031943212164
2002-01-31,1.2,1.25,1.16,1.2,1500,11.66,0.00865051903114189
2002-02-04,1.11,1.13,1.06,1.06,1200,10.3,-0.11663807890222977
2002-02-05,1.18,1.19,1.06,1.06,2100,10.3,0.0
2002-02-06,1.07,1.11,1.05,1.06,1900,10.3,0.0
2002-02-07,1.09,1.09,1.06,1.06,1500,10.3,0.0
2002-02-08,1.06,1.15,1.06,1.15,1900,11.18,0.08543689320388337
2002-02-11,1.15,1.15,1.15,1.15,400,11.18,0.0
2002-02-12,1.15,1.15,1.08,1.1,500,10.69,-0.043828264758497326
2002-02-13,1.19,1.2,1.16,1.16,900,11.27,0.05425631431244149
2002-02-14,1.16,1.2,1.06,1.1,400,10.69,-0.051464063886424105
2002-02-15,1.1,1.2,1.06,1.17,800,11.37,0.06361085126286237
2002-02-19,1.24,1.24,1.06,1.1,700,10.69,-0.059806508355320975
2002-02-20,1.1,1.15,1.1,1.14,500,11.08,0.036482694106641844
2002-02-21,1.14,1.14,1.07,1.07,600,10.4,-0.06137184115523464
2002-02-22,1.07,1.07,1.07,1.07,0,10.4,0.0
2002-02-25,1.11,1.11,1.09,1.1,200,10.69,0.027884615384615286
2002-02-26,1.09,1.11,1.06,1.11,1100,10.79,0.009354536950420878
2002-02-27,1.13,1.2,1.13,1.16,2500,11.27,0.04448563484708057
2002-02-28,1.23,1.23,1.16,1.23,1300,11.95,0.06033717834960073
2002-03-01,1.16,1.16,1.16,1.16,400,11.27,-0.056903765690376584
2002-03-04,1.16,1.16,1.16,1.16,200,11.27,0.0
2002-03-05,1.17,1.17,1.16,1.16,300,11.27,0.0
2002-03-06,1.11,1.16,1.1,1.16,500,11.27,0.0
2002-03-07,1.2,1.2,1.1,1.18,1800,11.47,0.017746228926353247
2002-03-08,1.18,1.18,1.18,1.18,100,11.47,0.0
2002-03-11,1.14,1.18,1.14,1.15,1300,11.18,-0.02528334786399311
2002-03-12,1.15,1.16,1.1,1.1,1200,10.69,-0.043828264758497326
2002-03-13,1.11,1.15,1.11,1.15,1500,11.18,0.04583723105706272
2002-03-14,1.14,1.14,1.11,1.11,100,10.79,-0.03488372093023262
2002-03-15,1.11,1.15,1.1,1.12,1600,10.88,0.008341056533827773
2002-03-18,1.12,1.12,1.12,1.12,300,10.88,0.0
2002-03-19,1.12,1.18,1.12,1.12,1700,10.88,0.0
2002-03-20,1.12,1.12,1.12,1.12,300,10.88,0.0
2002-03-21,1.12,1.13,1.12,1.13,500,10.98,0.009191176470588092
2002-03-22,1.1,1.11,1.1,1.1,1400,10.69,-0.02641165755919861
2002-03-25,1.1,1.1,1.06,1.07,2700,10.4,-0.027128157156220634
2002-03-26,1.06,1.1,1.06,1.1,500,10.69,0.027884615384615286
2002-03-27,1.1,1.1,1.07,1.07,500,10.4,-0.027128157156220634
2002-03-28,1.07,1.07,1.07,1.07,600,10.4,0.0
2002-04-01,1.1,1.1,1.07,1.07,1400,10.4,0.0
2002-04-02,1.07,1.15,1.07,1.15,300,11.18,0.07499999999999996
2002-04-03,1.14,1.14,1.06,1.08,2500,10.5,-0.06082289803220031
2002-04-04,1.09,1.09,0.9,0.92,3200,8.94,-0.14857142857142858
2002-04-05,0.93,1.02,0.78,0.99,5400,9.62,0.07606263982102912
2002-04-08,1.01,1.01,0.9,0.9,1000,8.75,-0.09043659043659036
2002-04-09,0.93,1.11,0.89,1.0,2800,9.72,0.11085714285714299
2002-04-10,0.96,1.08,0.96,1.01,200,9.82,0.010288065843621297
2002-04-11,0.95,1.01,0.95,0.95,100,9.23,-0.060081466395112026
2002-04-12,1.0,1.0,0.99,0.99,300,9.62,0.04225352112676051
2002-04-15,0.99,0.99,0.95,0.95,600,9.23,-0.04054054054054046
2002-04-16,0.93,0.98,0.93,0.98,400,9.52,0.031419284940411574
2002-04-17,0.91,0.93,0.91,0.93,100,9.04,-0.050420168067226934
2002-04-18,0.93,0.93,0.9,0.9,300,8.75,-0.03207964601769897
2002-04-19,0.9,0.9,0.89,0.89,300,8.65,-0.011428571428571344
2002-04-22,0.89,0.9,0.84,0.84,700,8.16,-0.05664739884393066
2002-04-23,0.94,0.94,0.84,0.87,500,8.45,0.035539215686274384
2002-04-24,0.89,0.89,0.88,0.88,600,8.55,0.01183431952662728
2002-04-25,0.88,0.9,0.84,0.84,1200,8.16,-0.04561403508771933
2002-04-26,0.8,0.83,0.73,0.76,2700,7.39,-0.09436274509803932
2002-04-29,0.76,0.8,0.68,0.7,10200,6.8,-0.07983761840324766
2002-04-30,0.83,0.83,0.58,0.64,3800,6.22,-0.08529411764705885
2002-05-01,0.61,0.63,0.58,0.6,2200,5.83,-0.06270096463022501
2002-05-02,0.67,0.8,0.67,0.79,5100,7.68,0.3173241852487134
2002-05-03,0.82,0.97,0.77,0.77,1800,7.48,-0.02604166666666663
2002-05-06,0.77,0.79,0.7,0.7,1700,6.8,-0.09090909090909094
2002-05-07,0.77,0.78,0.68,0.78,2000,7.58,0.11470588235294121
2002-05-08,0.66,0.85,0.66,0.71,2600,6.9,-0.08970976253298146
2002-05-09,0.71,0.71,0.71,0.71,0,6.9,0.0
2002-05-10,0.75,0.78,0.72,0.72,1500,7.0,0.014492753623188248
2002-05-13,0.75,0.76,0.74,0.74,1800,7.19,0.027142857142857135
2002-05-14,0.75,0.75,0.72,0.72,1400,7.0,-0.026425591098748313
2002-05-15,0.75,0.79,0.68,0.69,2400,6.71,-0.04142857142857148
2002-05-16,0.7,0.7,0.69,0.69,400,6.71,0.0
2002-05-17,0.7,0.71,0.69,0.71,800,6.9,0.028315946348733245
2002-05-20,0.7,0.7,0.7,0.7,0,6.8,-0.01449275362318847
2002-05-21,0.69,0.69,0.69,0.69,300,6.71,-0.013235294117647012
2002-05-22,0.69,0.69,0.69,0.69,0,6.71,0.0
2002-05-23,0.69,0.69,0.69,0.69,100,6.71,0.0
2002-05-24,0.68,0.68,0.65,0.67,1100,6.51,-0.02980625931445602
2002-05-28,0.65,0.75,0.62,0.7,1300,6.8,0.044546850998463894
2002-05-29,0.69,0.74,0.68,0.68,1100,6.61,-0.027941176470588136
2002-05-30,0.67,0.74,0.67,0.74,1400,7.19,0.08774583963691374
2002-05-31,0.74,0.74,0.62,0.69,1500,6.71,-0.06675938803894299
2002-06-03,0.72,0.73,0.72,0.73,800,7.09,0.05663189269746649
2002-06-04,0.69,0.69,0.63,0.68,500,6.61,-0.06770098730606477
2002-06-05,0.68,0.68,0.68,0.68,0,6.61,0.0
2002-06-06,0.6,0.73,0.55,0.64,1200,6.22,-0.05900151285930422
2002-06-07,0.74,0.81,0.6,0.67,1400,6.51,0.04662379421221874
2002-06-10,0.75,0.79,0.75,0.79,100,7.68,0.17972350230414746
2002-06-11,0.79,0.79,0.79,0.79,0,7.68,0.0
2002-06-12,0.6,0.76,0.6,0.63,200,6.12,-0.203125
2002-06-13,0.65,0.65,0.65,0.65,300,6.32,0.03267973856209161
2002-06-14,0.65,0.69,0.6,0.69,1700,6.71,0.061708860759493556
2002-06-17,0.68,0.68,0.68,0.68,0,6.61,-0.014903129657227954
2002-06-18,0.62,0.63,0.62,0.63,400,6.12,-0.07413010590015134
2002-06-19,0.65,0.65,0.47,0.5,6900,4.86,-0.2058823529411764
2002-06-20,0.53,0.56,0.27,0.56,5600,5.44,0.11934156378600824
2002-06-21,0.5,0.5,0.39,0.39,2600,3.79,-0.3033088235294118
2002-06-24,0.72,0.72,0.32,0.64,6200,6.22,0.6411609498680737
2002-06-25,0.4,0.46,0.28,0.34,10200,3.3,-0.46945337620578775
2002-06-26,0.39,0.44,0.34,0.42,5800,4.08,0.23636363636363655
2002-06-27,0.35,0.7,0.35,0.6,2600,5.83,0.428921568627451
2002-06-28,0.47,0.53,0.45,0.49,700,4.76,-0.18353344768439117
2002-07-01,0.56,0.59,0.35,0.45,2300,4.37,-0.08193277310924363
2002-07-02,0.48,0.48,0.46,0.46,400,4.47,0.022883295194507935
2002-07-03,0.47,0.47,0.36,0.43,1100,4.18,-0.06487695749440714
2002-07-05,0.47,0.47,0.44,0.44,300,4.28,0.02392344497607679
2002-07-08,0.44,0.47,0.43,0.47,900,4.57,0.06775700934579443
2002-07-09,0.44,0.45,0.43,0.45,300,4.37,-0.043763676148796504
2002-07-10,0.42,0.43,0.38,0.38,2600,3.69,-0.15560640732265452
2002-07-11,0.38,0.42,0.38,0.42,700,4.08,0.10569105691056913
2002-07-12,0.44,0.5,0.42,0.42,1200,4.08,0.0
2002-07-15,0.42,0.45,0.4,0.41,1300,3.98,-0.02450980392156865
2002-07-16,0.4,0.4,0.38,0.4,200,3.89,-0.022613065326633097
2002-07-17,0.38,0.51,0.38,0.38,1100,3.69,-0.05141388174807204
2002-07-18,0.45,0.49,0.43,0.45,700,4.37,0.1842818428184283
2002-07-19,0.45,0.45,0.42,0.42,100,4.08,-0.06636155606407323
2002-07-22,0.41,0.43,0.41,0.43,1800,4.18,0.02450980392156854
2002-07-23,0.4,0.4,0.4,0.4,0,3.89,-0.06937799043062187
2002-07-24,0.4,0.41,0.39,0.39,2200,3.79,-0.02570694087403602
2002-07-25,0.5,0.55,0.5,0.55,100,5.34,0.40897097625329804
2002-07-26,0.49,0.52,0.39,0.46,3800,4.47,-0.1629213483146068
2002-07-29,0.4,0.4,0.37,0.37,2800,3.6,-0.19463087248322142
2002-07-30,0.36,0.5,0.36,0.38,1000,3.69,0.02499999999999991
2002-07-31,0.4,0.4,0.27,0.38,29600,3.69,0.0
2002-08-01,0.38,0.45,0.37,0.42,10200,4.08,0.10569105691056913
2002-08-02,0.43,0.47,0.3,0.35,8000,3.4,-0.16666666666666674
2002-08-05,0.41,0.63,0.36,0.56,14100,5.44,0.6000000000000001
2002-08-06,0.56,0.56,0.45,0.55,2400,5.34,-0.018382352941176516
2002-08-07,0.53,0.54,0.45,0.47,1500,4.57,-0.14419475655430702
2002-08-08,0.49,0.51,0.47,0.49,300,4.76,0.04157549234135649
2002-08-09,0.5,0.54,0.48,0.51,1100,4.96,0.04201680672268915
2002-08-12,0.51,0.55,0.48,0.5,1000,4.86,-0.020161290322580627
2002-08-13,0.45,0.45,0.43,0.43,6400,4.18,-0.13991769547325117
2002-08-14,0.46,0.46,0.41,0.41,1200,3.98,-0.04784688995215303
2002-08-15,0.5,0.51,0.41,0.44,2200,4.28,0.07537688442211055
2002-08-16,0.44,0.44,0.39,0.4,2400,3.89,-0.09112149532710279
2002-08-19,0.4,0.48,0.39,0.42,3300,4.08,0.04884318766066831
2002-08-20,0.42,0.42,0.38,0.38,100,3.69,-0.09558823529411764
2002-08-21,0.39,0.48,0.38,0.4,3200,3.89,0.05420054200542013
2002-08-22,0.4,0.4,0.36,0.37,2900,3.6,-0.07455012853470433
2002-08-23,0.4,0.47,0.39,0.42,1700,4.08,0.1333333333333333
2002-08-26,0.39,0.43,0.39,0.43,400,4.18,0.02450980392156854
2002-08-27,0.42,0.46,0.41,0.46,1800,4.47,0.06937799043062198
2002-08-28,0.4,0.48,0.37,0.46,3300,4.47,0.0
2002-08-29,0.44,0.44,0.42,0.42,500,4.08,-0.08724832214765099
2002-08-30,0.37,0.44,0.37,0.44,300,4.28,0.0490196078431373
2002-09-03,0.4,0.42,0.37,0.42,700,4.08,-0.04672897196261683
2002-09-04,0.4,0.41,0.38,0.41,100,3.98,-0.02450980392156865
2002-09-05,0.38,0.4,0.38,0.4,400,3.89,-0.022613065326633097
2002-09-06,0.37,0.48,0.37,0.44,700,4.28,0.10025706940874035
2002-09-09,0.38,0.58,0.37,0.53,7300,5.15,0.20327102803738328
2002-09-10,0.58,0.69,0.51,0.55,2600,5.34,0.03689320388349504
2002-09-11,0.53,0.55,0.52,0.53,1800,5.15,-0.03558052434456915
2002-09-12,0.52,0.61,0.52,0.6,4300,5.83,0.1320388349514563
2002-09-13,0.52,0.6,0.5,0.57,700,5.54,-0.04974271012006859
2002-09-16,0.57,0.61,0.56,0.58,600,5.64,0.018050541516245522
2002-09-17,0.57,0.57,0.47,0.49,1600,4.76,-0.15602836879432624
2002-09-18,0.42,0.6,0.42,0.47,1100,4.57,-0.03991596638655448
2002-09-19,0.45,0.5,0.45,0.5,1900,4.86,0.06345733041575485
2002-09-20,0.5,0.5,0.5,0.5,0,4.86,0.0
2002-09-23,0.5,0.5,0.45,0.47,200,4.57,-0.05967078189300412
2002-09-24,0.45,0.45,0.45,0.45,1400,4.37,-0.043763676148796504
2002-09-25,0.45,0.5,0.45,0.5,2100,4.86,0.11212814645308922
2002-09-26,0.53,0.55,0.5,0.5,600,4.86,0.0
2002-09-27,0.48,0.5,0.45,0.5,1300,4.86,0.0
2002-09-30,0.46,0.6,0.46,0.57,1500,5.54,0.13991769547325106
2002-10-01,0.58,0.59,0.41,0.48,3200,4.66,-0.15884476534296021
2002-10-02,0.5,0.51,0.5,0.51,400,4.96,0.06437768240343344
2002-10-03,0.52,0.52,0.42,0.45,13600,4.37,-0.11895161290322576
2002-10-04,0.46,0.46,0.46,0.46,800,4.47,0.022883295194507935
2002-10-07,0.42,0.5,0.42,0.5,500,4.86,0.08724832214765121
2002-10-08,0.51,0.52,0.5,0.51,600,4.96,0.020576131687242816
2002-10-09,0.47,0.52,0.47,0.5,1200,4.86,-0.020161290322580627
2002-10-10,0.51,0.54,0.47,0.47,1600,4.57,-0.05967078189300412
2002-10-11,0.47,0.57,0.47,0.57,400,5.54,0.21225382932166292
2002-10-14,0.52,0.52,0.52,0.52,0,5.05,-0.08844765342960292
2002-10-15,0.58,0.58,0.49,0.58,1600,5.64,0.11683168316831671
2002-10-16,0.5,0.5,0.42,0.42,500,4.08,-0.276595744680851
2002-10-17,0.4,0.41,0.4,0.41,2000,3.98,-0.02450980392156865
2002-10-18,0.44,0.45,0.42,0.42,600,4.08,0.025125628140703515
2002-10-21,0.48,0.48,0.46,0.46,200,4.47,0.09558823529411753
2002-10-22,0.42,0.5,0.42,0.49,1000,4.76,0.06487695749440725
2002-10-23,0.5,0.5,0.42,0.44,2600,4.28,-0.10084033613445365
2002-10-24,0.5,0.5,0.48,0.48,1500,4.66,0.08878504672897192
2002-10-25,0.43,0.5,0.43,0.5,1500,4.86,0.0429184549356223
2002-10-28,0.45,0.45,0.45,0.45,0,4.37,-0.10082304526748975
2002-10-29,0.44,0.44,0.44,0.44,300,4.28,-0.020594965675057142
2002-10-30,0.5,0.55,0.45,0.55,3200,5.34,0.24766355140186902
2002-10-31,0.52,0.53,0.5,0.5,2200,4.86,-0.08988764044943809
2002-11-01,0.5,0.5,0.45,0.5,700,4.86,0.0
2002-11-04,0.5,0.55,0.47,0.55,500,5.34,0.09876543209876543
2002-11-05,0.55,0.57,0.49,0.49,4200,4.76,-0.10861423220973787
2002-11-06,0.46,0.54,0.46,0.54,10400,5.25,0.10294117647058831
2002-11-07,0.55,0.58,0.4,0.41,12600,3.98,-0.24190476190476196
2002-11-08,0.5,0.5,0.49,0.5,1000,4.86,0.22110552763819102
2002-11-11,0.46,0.47,0.4,0.41,4200,3.98,-0.1810699588477367
2002-11-12,0.42,0.43,0.28,0.39,4100,3.79,-0.047738693467336724
2002-11-13,0.39,0.4,0.39,0.4,900,3.89,0.02638522427440626
2002-11-14,0.4,0.43,0.37,0.4,4200,3.89,0.0
2002-11-15,0.37,0.43,0.37,0.4,3500,3.89,0.0
2002-11-18,0.38,0.44,0.38,0.39,1700,3.79,-0.02570694087403602
2002-11-19,0.4,0.41,0.36,0.36,1800,3.5,-0.07651715039577833
2002-11-20,0.37,0.44,0.37,0.42,3700,4.08,0.1657142857142857
2002-11-21,0.41,0.41,0.34,0.37,5000,3.6,-0.11764705882352944
2002-11-22,0.4,0.43,0.37,0.43,9100,4.18,0.16111111111111098
2002-11-25,0.4,0.4,0.37,0.38,900,3.69,-0.11722488038277512
2002-11-26,0.39,0.41,0.38,0.4,14000,3.89,0.05420054200542013
2002-11-27,0.41,0.42,0.38,0.42,5400,4.08,0.04884318766066831
2002-11-29,0.4,0.4,0.4,0.4,2100,3.89,-0.04656862745098034
2002-12-02,0.42,0.42,0.38,0.38,8800,3.69,-0.05141388174807204
2002-12-03,0.42,0.45,0.39,0.41,20500,3.98,0.07859078590785917
2002-12-04,0.41,0.44,0.4,0.4,5200,3.89,-0.022613065326633097
2002-12-05,0.43,0.46,0.39,0.41,21800,3.98,0.023136246786632286
2002-12-06,0.43,0.43,0.39,0.42,3300,4.08,0.025125628140703515
2002-12-09,0.42,0.46,0.39,0.39,5100,3.79,-0.07107843137254899
2002-12-10,0.42,0.44,0.39,0.39,400,3.79,0.0
2002-12-11,0.44,0.45,0.4,0.41,4700,3.98,0.05013192612137196
2002-12-12,0.42,0.42,0.42,0.42,400,4.08,0.025125628140703515
2002-12-13,0.45,0.45,0.38,0.38,2100,3.69,-0.09558823529411764
2002-12-16,0.37,0.39,0.36,0.36,2200,3.5,-0.051490514905149
2002-12-17,0.37,0.4,0.35,0.35,2300,3.4,-0.02857142857142858
2002-12-18,0.41,0.41,0.35,0.35,4900,3.4,0.0
2002-12-19,0.36,0.39,0.34,0.35,4400,3.4,0.0
2002-12-20,0.35,0.4,0.32,0.33,11800,3.21,-0.055882352941176494
2002-12-23,0.33,0.37,0.32,0.37,4300,3.6,0.12149532710280386
2002-12-24,0.33,0.34,0.3,0.3,9100,2.92,-0.18888888888888888
2002-12-26,0.32,0.39,0.3,0.32,5200,3.11,0.06506849315068486
2002-12-27,0.31,0.39,0.31,0.35,600,3.4,0.09324758842443726
2002-12-30,0.31,0.35,0.3,0.35,5300,3.4,0.0
2002-12-31,0.3,0.39,0.3,0.35,2900,3.4,0.0
2003-01-02,0.39,0.39,0.34,0.38,3200,3.69,0.08529411764705874
2003-01-03,0.38,0.38,0.32,0.35,2000,3.4,-0.07859078590785906
2003-01-06,0.38,0.38,0.32,0.34,1200,3.3,-0.02941176470588236
2003-01-07,0.35,0.38,0.34,0.38,600,3.69,0.11818181818181817
2003-01-08,0.37,0.38,0.35,0.35,2100,3.4,-0.07859078590785906
2003-01-09,0.37,0.37,0.35,0.37,3200,3.6,0.05882352941176472
2003-01-10,0.37,0.37,0.35,0.37,700,3.6,0.0
2003-01-13,0.35,0.47,0.35,0.47,35200,4.57,0.2694444444444446
2003-01-14,0.46,0.47,0.41,0.44,16300,4.28,-0.06345733041575496
2003-01-15,0.49,0.57,0.46,0.55,38900,5.34,0.24766355140186902
2003-01-16,0.56,0.6,0.53,0.54,25800,5.25,-0.016853932584269593
2003-01-17,0.57,0.65,0.53,0.63,7000,6.12,0.1657142857142857
2003-01-21,0.65,0.7,0.64,0.67,19000,6.51,0.06372549019607843
2003-01-22,0.66,0.75,0.66,0.69,8900,6.71,0.030721966205837115
2003-01-23,0.7,0.79,0.69,0.75,6600,7.29,0.08643815201192262
2003-01-24,0.79,0.79,0.72,0.75,11000,7.29,0.0
2003-01-27,0.75,0.75,0.68,0.7,10500,6.8,-0.0672153635116598
2003-01-28,0.7,0.77,0.66,0.74,7000,7.19,0.057352941176470607
2003-01-29,0.71,0.75,0.7,0.72,3100,7.0,-0.026425591098748313
2003-01-30,0.72,0.76,0.4,0.71,3800,6.9,-0.014285714285714235
2003-01-31,0.71,0.72,0.69,0.7,2800,6.8,-0.01449275362318847
2003-02-03,0.69,0.75,0.69,0.7,3000,6.8,0.0
2003-02-04,0.7,0.73,0.7,0.71,2500,6.9,0.014705882352941346
2003-02-05,0.72,0.72,0.71,0.71,1900,6.9,0.0
2003-02-06,0.75,0.79,0.74,0.74,5200,7.19,0.04202898550724643
2003-02-07,0.8,1.18,0.8,1.0,21000,9.72,0.3518776077885952
2003-02-10,1.08,1.15,0.8,1.0,32000,9.72,0.0
2003-02-11,0.93,0.96,0.75,0.88,15600,8.55,-0.12037037037037035
2003-02-12,0.82,0.96,0.77,0.84,12600,8.16,-0.04561403508771933
2003-02-13,0.84,0.84,0.75,0.81,6000,7.87,-0.035539215686274495
2003-02-14,0.83,0.88,0.8,0.83,9100,8.07,0.02541296060991116
2003-02-18,0.8,0.88,0.75,0.8,4000,7.77,-0.0371747211895912
2003-02-19,0.8,0.81,0.8,0.8,1800,7.77,0.0
2003-02-20,0.79,0.79,0.67,0.74,3600,7.19,-0.07464607464607453
2003-02-21,0.75,0.75,0.72,0.75,1700,7.29,0.013908205841446364
2003-02-24,0.8,0.89,0.7,0.85,10100,8.26,0.1330589849108368
2003-02-25,0.79,0.89,0.77,0.88,5800,8.55,0.03510895883777243
2003-02-26,0.86,0.86,0.85,0.86,400,8.36,-0.022222222222222365
2003-02-27,0.86,0.86,0.81,0.81,5200,7.87,-0.05861244019138745
2003-02-28,0.79,0.87,0.79,0.87,3800,8.45,0.07369758576874186
2003-03-03,0.85,0.85,0.68,0.81,2800,7.87,-0.06863905325443775
2003-03-04,0.81,0.82,0.81,0.81,800,7.87,0.0
2003-03-05,0.84,0.85,0.78,0.78,2200,7.58,-0.03684879288437104
2003-03-06,0.76,0.85,0.76,0.84,5500,8.16,0.07651715039577844
2003-03-07,0.83,0.86,0.81,0.81,4100,7.87,-0.035539215686274495
2003-03-10,0.85,0.85,0.8,0.84,1300,8.16,0.03684879288437104
2003-03-11,0.84,0.93,0.8,0.85,900,8.26,0.01225490196078427
2003-03-12,0.78,0.82,0.78,0.79,600,7.68,-0.07021791767554475
2003-03-13,0.78,0.78,0.78,0.78,200,7.58,-0.01302083333333326
2003-03-14,0.81,0.84,0.78,0.79,400,7.68,0.01319261213720302
2003-03-17,0.85,0.85,0.78,0.78,600,7.58,-0.01302083333333326
2003-03-18,0.84,0.84,0.69,0.81,1700,7.87,0.03825857519788922
2003-03-19,0.8,0.85,0.8,0.85,6600,8.26,0.04955527318932651
2003-03-20,0.85,0.85,0.83,0.83,3500,8.07,-0.02300242130750596
2003-03-21,0.82,0.85,0.81,0.83,1100,8.07,0.0
2003-03-24,0.81,0.82,0.81,0.82,500,7.97,-0.01239157372986377
2003-03-25,0.83,0.85,0.79,0.82,1500,7.97,0.0
2003-03-26,0.82,0.88,0.82,0.85,3900,8.26,0.03638644918444167
2003-03-27,0.84,0.85,0.82,0.85,1800,8.26,0.0
2003-03-28,0.85,0.89,0.82,0.82,3700,7.97,-0.03510895883777243
2003-03-31,0.81,0.88,0.81,0.88,2400,8.55,0.07277289836888334
2003-04-01,0.85,0.85,0.84,0.84,3800,8.16,-0.04561403508771933
2003-04-02,0.83,0.93,0.83,0.93,11600,9.04,0.1078431372549018
2003-04-03,0.93,0.95,0.88,0.94,1600,9.13,0.009955752212389646
2003-04-04,0.94,1.05,0.92,0.95,7400,9.23,0.010952902519167473
2003-04-07,0.94,1.04,0.9,0.95,1700,9.23,0.0
2003-04-08,0.95,0.96,0.95,0.95,800,9.23,0.0
2003-04-09,0.95,0.96,0.91,0.95,3400,9.23,0.0
2003-04-10,0.92,0.97,0.92,0.95,3400,9.23,0.0
2003-04-11,1.0,1.1,0.92,0.95,3600,9.23,0.0
2003-04-14,1.02,1.02,0.9,0.98,1200,9.52,0.031419284940411574
2003-04-15,0.87,0.98,0.87,0.92,4000,8.94,-0.060924369747899165
2003-04-16,0.96,1.06,0.94,1.06,12700,10.3,0.15212527964205824
2003-04-17,1.1,1.14,0.98,1.14,8700,11.08,0.0757281553398057
2003-04-21,1.14,1.56,1.11,1.51,66500,14.67,0.32400722021660644
2003-04-22,1.5,1.55,1.41,1.43,21100,13.9,-0.0524880708929788
2003-04-23,1.5,1.5,1.25,1.29,14000,12.54,-0.09784172661870516
2003-04-24,1.4,1.4,1.24,1.24,6700,12.05,-0.039074960127591596
2003-04-25,1.21,1.33,1.16,1.27,7200,12.34,0.02406639004149369
2003-04-28,1.27,1.45,1.27,1.43,10300,13.9,0.12641815235008114
2003-04-29,1.42,1.5,1.28,1.3,7400,12.63,-0.09136690647482015
2003-04-30,1.35,1.38,1.25,1.28,13600,12.44,-0.01504354711005551
2003-05-01,1.24,1.45,1.22,1.35,6200,13.12,0.05466237942122176
2003-05-02,1.48,1.48,1.3,1.43,6700,13.9,0.05945121951219523
2003-05-05,1.4,1.5,1.3,1.5,18100,14.58,0.048920863309352525
2003-05-06,1.49,1.51,1.41,1.41,8300,13.7,-0.06035665294924564
2003-05-07,1.5,1.52,1.22,1.4,18600,13.61,-0.006569343065693456
2003-05-08,1.4,1.4,1.26,1.28,5300,12.44,-0.08596620132255695
2003-05-09,1.3,1.37,1.22,1.25,4300,12.15,-0.02331189710610926
2003-05-12,1.22,1.34,1.22,1.3,1400,12.63,0.039506172839506304
2003-05-13,1.3,1.35,1.27,1.33,2600,12.92,0.022961203483768733
2003-05-14,1.3,1.35,1.26,1.32,2600,12.83,-0.00696594427244579
2003-05-15,1.35,1.42,1.27,1.37,9800,13.31,0.0374123148869836
2003-05-16,1.34,1.42,1.34,1.4,4800,13.61,0.022539444027047217
2003-05-19,1.36,1.4,1.31,1.39,2600,13.51,-0.0073475385745774835
2003-05-20,1.34,1.37,1.27,1.3,8300,12.63,-0.06513693560325673
2003-05-21,1.35,1.35,1.29,1.32,2600,12.83,0.015835312747426666
2003-05-22,1.35,1.45,1.3,1.41,5600,13.7,0.06780982073265784
2003-05-23,1.41,1.43,1.35,1.43,5500,13.9,0.014598540145985384
2003-05-27,1.43,1.43,1.37,1.4,3500,13.61,-0.02086330935251801
2003-05-28,1.41,1.82,1.37,1.53,23600,14.87,0.09257898603967663
2003-05-29,1.6,1.69,1.42,1.5,20000,14.58,-0.01950235373234699
2003-05-30,1.55,1.55,1.39,1.45,16800,14.09,-0.033607681755829955
2003-06-02,1.48,1.64,1.45,1.5,8400,14.58,0.03477643718949608
2003-06-03,1.48,1.5,1.41,1.46,6000,14.19,-0.026748971193415683
2003-06-04,1.5,1.55,1.4,1.55,4500,15.06,0.06131078224101483
2003-06-05,1.57,1.57,1.43,1.45,3800,14.09,-0.06440903054448877
2003-06-06,1.48,1.54,1.42,1.46,13900,14.19,0.007097232079488869
2003-06-09,1.52,1.52,1.42,1.46,5900,14.19,0.0
2003-06-10,1.45,1.47,1.42,1.47,2000,14.29,0.007047216349541863
2003-06-11,1.44,1.5,1.43,1.44,4800,13.99,-0.02099370188943306
2003-06-12,1.42,1.5,1.4,1.41,7200,13.7,-0.020729092208720545
2003-06-13,1.41,1.44,1.32,1.33,7200,12.92,-0.05693430656934306
2003-06-16,1.4,1.45,1.32,1.39,7200,13.51,0.045665634674922684
2003-06-17,1.39,1.44,1.33,1.34,5600,13.02,-0.03626943005181349
2003-06-18,1.37,1.37,1.28,1.34,8000,13.02,0.0
2003-06-19,1.21,1.34,1.2,1.29,6400,12.54,-0.03686635944700467
2003-06-20,1.27,1.28,1.2,1.27,9100,12.34,-0.015948963317384268
2003-06-23,1.28,1.41,1.23,1.25,8900,12.15,-0.015397082658022643
2003-06-24,1.3,1.3,1.21,1.29,3500,12.54,0.032098765432098775
2003-06-25,1.3,1.35,1.28,1.28,1900,12.44,-0.00797448165869219
2003-06-26,1.27,1.34,1.21,1.3,7600,12.63,0.015273311897106234
2003-06-27,1.3,1.3,1.18,1.25,9100,12.15,-0.038004750593824244
2003-06-30,1.19,1.3,1.19,1.28,2200,12.44,0.02386831275720147
2003-07-01,1.29,1.29,1.2,1.27,2500,12.34,-0.008038585209003135
2003-07-02,1.27,1.29,1.2,1.21,2100,11.76,-0.04700162074554293
2003-07-03,1.21,1.27,1.2,1.24,3600,12.05,0.024659863945578397
2003-07-07,1.24,1.29,1.18,1.21,3200,11.76,-0.0240663900414938
2003-07-08,1.26,1.27,1.22,1.26,1900,12.24,0.04081632653061229
2003-07-09,1.25,1.28,1.22,1.23,4000,11.95,-0.023692810457516367
2003-07-10,1.2,1.25,1.2,1.25,1500,12.15,0.01673640167364021
2003-07-11,1.19,1.3,1.19,1.3,7300,12.63,0.039506172839506304
2003-07-14,1.15,1.48,1.15,1.39,7700,13.51,0.06967537608867769
2003-07-15,1.38,1.43,1.33,1.39,2600,13.51,0.0
2003-07-16,1.43,1.45,1.35,1.43,8400,13.9,0.02886750555144335
2003-07-17,1.45,1.45,1.35,1.35,1700,13.12,-0.05611510791366914
2003-07-18,1.35,1.38,1.33,1.38,2000,13.41,0.02210365853658547
2003-07-21,1.38,1.44,1.36,1.42,1400,13.8,0.029082774049216997
2003-07-22,1.45,1.45,1.31,1.42,4300,13.8,0.0
2003-07-23,1.41,1.41,1.3,1.3,1900,12.63,-0.08478260869565213
2003-07-24,1.3,1.36,1.3,1.34,2200,13.02,0.030878859857482066
2003-07-25,1.34,1.35,1.32,1.33,3400,12.92,-0.007680491551459223
2003-07-28,1.35,1.36,1.33,1.33,4100,12.92,0.0
2003-07-29,1.34,1.35,1.25,1.34,5900,13.02,0.007739938080495223
2003-07-30,1.35,1.35,0.98,1.08,35900,10.5,-0.19354838709677413
2003-07-31,1.19,1.22,1.09,1.2,15500,11.66,0.1104761904761904
2003-08-01,1.19,1.19,1.0,1.04,44300,10.11,-0.13293310463121788
2003-08-04,1.03,1.08,1.01,1.03,6700,10.01,-0.009891196834816984
2003-08-05,1.03,1.11,1.01,1.11,6000,10.79,0.07792207792207795
2003-08-06,1.11,1.11,1.02,1.05,5800,10.2,-0.05468025949953659
2003-08-07,1.07,1.09,1.06,1.06,3500,10.3,0.009803921568627638
2003-08-08,1.08,1.08,1.02,1.07,6200,10.4,0.009708737864077666
2003-08-11,1.1,1.12,1.05,1.09,2100,10.59,0.018269230769230704
2003-08-12,1.1,1.12,1.02,1.05,2600,10.2,-0.03682719546742219
2003-08-13,1.07,1.08,1.04,1.05,2700,10.2,0.0
2003-08-14,1.05,1.14,1.05,1.13,4200,10.98,0.07647058823529429
2003-08-15,1.07,1.2,1.05,1.19,6900,11.56,0.052823315118396996
2003-08-18,1.19,1.19,1.12,1.19,1800,11.56,0.0
2003-08-19,1.16,1.27,1.13,1.27,10300,12.34,0.06747404844290661
2003-08-20,1.27,1.35,1.22,1.29,10800,12.54,0.01620745542949753
2003-08-21,1.29,1.35,1.29,1.34,6000,13.02,0.038277511961722466
2003-08-22,1.31,1.35,1.27,1.35,5400,13.12,0.007680491551459223
2003-08-25,1.35,1.43,1.26,1.43,17000,13.9,0.05945121951219523
2003-08-26,1.43,1.47,1.4,1.46,15600,14.19,0.0208633093525179
2003-08-27,1.45,1.63,1.42,1.54,32500,14.97,0.05496828752642724
2003-08-28,1.51,1.58,1.49,1.54,29800,14.97,0.0
2003-08-29,1.53,1.53,1.49,1.53,18900,14.87,-0.006680026720106924
2003-09-02,1.55,1.66,1.53,1.6,9500,15.55,0.04572965702757248
2003-09-03,1.6,1.75,1.6,1.7,23000,16.52,0.062379421221864906
2003-09-04,1.74,1.74,1.56,1.64,14800,15.94,-0.03510895883777243
2003-09-05,1.7,1.75,1.63,1.69,7800,16.42,0.03011292346298644
2003-09-08,1.7,1.75,1.6,1.73,10800,16.81,0.02375152253349566
2003-09-09,1.73,1.73,1.6,1.69,5900,16.42,-0.02320047590719787
2003-09-10,1.69,1.72,1.64,1.69,5600,16.42,0.0
2003-09-11,1.62,1.74,1.61,1.7,9800,16.52,0.006090133982947554
2003-09-12,1.73,2.0,1.7,1.94,18600,18.85,0.1410411622276031
2003-09-15,2.0,2.0,1.81,1.98,9600,19.24,0.020689655172413612
2003-09-16,1.77,2.1,1.77,2.1,13700,20.41,0.06081081081081097
2003-09-17,2.05,2.11,1.91,1.99,11600,19.34,-0.05242528172464478
2003-09-18,2.02,2.1,1.97,2.06,8000,20.02,0.0351602895553258
2003-09-19,2.1,2.15,2.0,2.08,8300,20.21,0.009490509490509558
2003-09-22,2.09,2.1,1.98,2.0,6200,19.44,-0.038099950519544734
2003-09-23,1.95,2.0,1.8,1.99,8600,19.34,-0.0051440329218107594
2003-09-24,1.86,1.98,1.84,1.9,4300,18.46,-0.04550155118924504
2003-09-25,1.89,1.9,1.81,1.82,4300,17.69,-0.041711809317443116
2003-09-26,1.85,1.89,1.7,1.79,7200,17.4,-0.01639344262295095
2003-09-29,1.82,1.9,1.71,1.79,3100,17.4,0.0
2003-09-30,1.78,1.8,1.75,1.75,1000,17.01,-0.022413793103448154
2003-10-01,1.75,1.88,1.56,1.75,7500,17.01,0.0
2003-10-02,1.68,1.82,1.68,1.71,3900,16.62,-0.022927689594356315
2003-10-03,1.71,1.79,1.65,1.69,3700,16.42,-0.01203369434416357
2003-10-06,1.7,1.9,1.64,1.69,5600,16.42,0.0
2003-10-07,1.65,1.72,1.6,1.66,2000,16.13,-0.01766138855054833
2003-10-08,1.7,1.7,1.64,1.65,8700,16.03,-0.0061996280223185485
2003-10-09,1.6,1.76,1.6,1.7,13400,16.52,0.03056768558951961
2003-10-10,1.83,2.24,1.83,2.08,71000,20.21,0.2233656174334142
2003-10-13,2.15,2.38,2.0,2.05,48800,19.92,-0.014349332013854466
2003-10-14,2.17,2.19,1.9,1.93,35200,18.76,-0.05823293172690758
2003-10-15,1.95,2.15,1.95,1.98,8200,19.24,0.025586353944562656
2003-10-16,2.05,2.12,1.98,2.04,10400,19.82,0.03014553014553023
2003-10-17,2.05,2.07,1.95,2.05,9400,19.92,0.005045408678103103
2003-10-20,2.05,2.07,1.98,2.0,11000,19.44,-0.02409638554216864
2003-10-21,2.0,2.37,1.96,2.1,15000,20.41,0.04989711934156382
2003-10-22,2.1,2.2,1.99,2.02,25000,19.63,-0.03821656050955424
2003-10-23,2.0,2.07,1.76,1.98,25500,19.24,-0.019867549668874163
2003-10-24,1.9,2.0,1.8,2.0,7800,19.44,0.010395010395010562
2003-10-27,1.9,2.05,1.88,1.93,5200,18.76,-0.034979423868312765
2003-10-28,2.05,2.05,1.87,2.0,8100,19.44,0.036247334754797356
2003-10-29,1.85,2.1,1.8,2.0,29700,19.44,0.0
2003-10-30,2.01,2.13,1.95,2.07,11000,20.12,0.034979423868312765
2003-10-31,2.09,2.2,2.02,2.2,12900,21.38,0.062624254473161
2003-11-03,2.0,2.21,2.0,2.16,9700,20.99,-0.018241347053320922
2003-11-04,2.05,2.23,1.96,2.22,8200,21.57,0.027632205812291755
2003-11-05,2.15,2.32,2.05,2.3,19100,22.35,0.03616133518776077
2003-11-06,2.16,2.33,2.15,2.28,9600,22.16,-0.008501118568232768
2003-11-07,2.25,2.98,2.25,2.59,52100,25.17,0.13583032490974745
2003-11-10,2.7,3.0,2.5,2.69,53300,26.14,0.03853794199443783
2003-11-11,2.84,2.87,2.58,2.69,30100,26.14,0.0
2003-11-12,2.65,2.7,2.52,2.69,29900,26.14,0.0
2003-11-13,2.71,2.74,2.5,2.7,15200,26.24,0.0038255547054322214
2003-11-14,2.7,2.8,2.6,2.78,10700,27.02,0.029725609756097615
2003-11-17,2.74,2.78,2.56,2.7,13800,26.24,-0.028867505551443462
2003-11-18,2.72,2.74,2.6,2.69,11900,26.14,-0.003810975609755962
2003-11-19,2.73,3.35,2.72,3.35,148200,32.56,0.24560061208875283
2003-11-20,3.26,3.32,3.02,3.09,38700,30.03,-0.07770270270270274
2003-11-21,3.16,3.21,3.09,3.16,10700,30.71,0.022644022644022543
2003-11-24,3.24,3.49,3.18,3.3,58400,32.07,0.04428524910452625
2003-11-25,3.22,3.49,3.22,3.48,33200,33.82,0.05456813221078893
2003-11-26,3.5,3.52,3.25,3.27,24600,31.78,-0.060319337670017736
2003-11-28,3.29,3.4,3.1,3.15,12300,30.61,-0.036815607300188846
2003-12-01,3.25,3.39,3.01,3.15,31400,30.61,0.0
2003-12-02,3.2,3.28,3.06,3.1,21100,30.13,-0.015681149950996454
2003-12-03,3.05,3.21,3.05,3.09,15600,30.03,-0.0033189512114171205
2003-12-04,3.1,3.15,2.61,2.8,40100,27.21,-0.09390609390609395
2003-12-05,2.71,2.85,2.67,2.71,12100,26.34,-0.0319735391400221
2003-12-08,2.67,2.85,2.67,2.71,15400,26.34,0.0
2003-12-09,2.75,2.81,2.43,2.48,17600,24.1,-0.08504176157934695
2003-12-10,2.49,2.75,2.48,2.75,26500,26.72,0.10871369294605793
2003-12-11,2.77,3.02,2.66,3.0,20000,29.15,0.09094311377245501
2003-12-12,3.0,3.0,2.85,3.0,10700,29.15,0.0
2003-12-15,3.0,3.01,2.83,2.9,10000,28.18,-0.033276157804459694
2003-12-16,2.8,2.88,2.67,2.69,9000,26.14,-0.07239176721078777
2003-12-17,2.63,2.83,2.6,2.66,14900,25.85,-0.011094108645753553
2003-12-18,2.69,2.85,2.69,2.71,11900,26.34,0.018955512572533806
2003-12-19,2.85,2.85,2.63,2.7,4200,26.24,-0.0037965072133637756
2003-12-22,2.66,2.8,2.6,2.63,6800,25.56,-0.02591463414634143
2003-12-23,2.53,2.65,2.31,2.62,9000,25.46,-0.00391236306729259
2003-12-24,2.74,2.74,2.6,2.64,3000,25.66,0.00785545954438338
2003-12-26,2.72,2.72,2.41,2.6,10700,25.27,-0.015198752922837122
2003-12-29,2.55,2.62,2.3,2.43,34300,23.61,-0.06569054214483583
2003-12-30,2.3,2.54,2.29,2.4,24100,23.32,-0.01228293096145694
2003-12-31,2.4,2.55,2.25,2.3,17400,22.35,-0.04159519725557459
2004-01-02,2.28,2.35,2.25,2.3,14000,22.35,0.0
2004-01-05,2.2,2.68,2.2,2.54,24200,24.68,0.1042505592841163
2004-01-06,2.64,2.64,2.36,2.4,27500,23.32,-0.05510534846029169
2004-01-07,2.4,2.48,2.4,2.48,17400,24.1,0.0334476843910807
2004-01-08,2.58,2.62,2.5,2.54,21900,24.68,0.02406639004149369
2004-01-09,2.52,2.6,2.45,2.53,12000,24.59,-0.003646677471636939
2004-01-12,2.58,2.71,2.5,2.63,15600,25.56,0.03944692964619767
2004-01-13,2.69,2.98,2.53,2.98,54800,28.96,0.13302034428795007
2004-01-14,3.1,3.25,2.9,3.02,61000,29.35,0.013466850828729227
2004-01-15,3.1,3.12,2.86,2.94,19000,28.57,-0.026575809199318567
2004-01-16,2.88,3.06,2.87,3.04,24000,29.54,0.03395169758487926
2004-01-20,3.06,3.21,2.85,3.17,21100,30.81,0.042992552471225354
2004-01-21,3.24,3.24,2.99,3.24,17500,31.49,0.02207075624797139
2004-01-22,3.24,3.24,3.01,3.2,10400,31.1,-0.012384884090187231
2004-01-23,3.18,3.18,3.01,3.02,6600,29.35,-0.0562700964630225
2004-01-26,3.0,3.0,2.76,2.77,17800,26.92,-0.08279386712095393
2004-01-27,2.75,2.75,2.6,2.68,19800,26.04,-0.03268945022288272
2004-01-28,2.62,2.73,2.55,2.58,12200,25.07,-0.037250384024577476
2004-01-29,2.58,2.85,2.58,2.69,18600,26.14,0.042680494615077835
2004-01-30,2.81,2.81,2.58,2.65,12900,25.75,-0.014919663351185997
2004-02-02,2.61,2.76,2.55,2.59,12700,25.17,-0.022524271844660104
2004-02-03,2.55,2.62,2.5,2.52,10000,24.49,-0.027016289233214308
2004-02-04,2.5,2.6,2.45,2.53,15800,24.59,0.004083299305839283
2004-02-05,2.43,2.64,2.38,2.56,10400,24.88,0.011793411956079636
2004-02-06,2.59,2.74,2.5,2.68,16300,26.04,0.04662379421221874
2004-02-09,2.64,2.75,2.6,2.73,18700,26.53,0.018817204301075252
2004-02-10,2.76,2.83,2.6,2.75,13700,26.72,0.0071617037316245025
2004-02-11,2.71,2.8,2.51,2.8,10800,27.21,0.01833832335329344
2004-02-12,2.63,2.8,2.63,2.79,5900,27.11,-0.00367511944138188
2004-02-13,2.81,2.84,2.66,2.71,5400,26.34,-0.0284028033935817
2004-02-17,2.66,2.8,2.66,2.71,2600,26.34,0.0
2004-02-18,2.75,2.8,2.57,2.68,5200,26.04,-0.011389521640091105
2004-02-19,2.56,2.73,2.56,2.66,9500,25.85,-0.007296466973886195
2004-02-20,2.74,2.74,2.56,2.66,2600,25.85,0.0
2004-02-23,2.6,2.73,2.56,2.61,3300,25.36,-0.018955512572533917
2004-02-24,2.63,2.65,2.5,2.56,5200,24.88,-0.018927444794952675
2004-02-25,2.65,2.74,2.56,2.65,8900,25.75,0.034967845659164
2004-02-26,2.72,2.72,2.56,2.64,2400,25.66,-0.0034951456310680085
2004-02-27,2.34,3.0,2.34,3.0,67200,29.15,0.13600935307872164
2004-03-01,2.99,3.05,2.86,2.93,41600,28.47,-0.023327615780445954
2004-03-02,2.93,3.02,2.81,2.93,8600,28.47,0.0
2004-03-03,2.95,3.0,2.82,2.82,11500,27.4,-0.037583421145064966
2004-03-04,2.81,2.96,2.81,2.95,5200,28.67,0.046350364963503754
2004-03-05,2.9,2.98,2.76,2.94,10000,28.57,-0.0034879665155215234
2004-03-08,2.93,2.93,2.6,2.76,13100,26.82,-0.061253062653132684
2004-03-09,2.62,2.85,2.61,2.74,10700,26.63,-0.0070842654735272514
2004-03-10,2.67,2.8,2.54,2.6,16700,25.27,-0.051070221554637585
2004-03-11,2.55,2.72,2.5,2.63,6000,25.56,0.011476058567471359
2004-03-12,2.66,2.74,2.6,2.72,3500,26.43,0.034037558685446
2004-03-15,2.73,2.73,2.5,2.55,7600,24.78,-0.06242905788876274
2004-03-16,2.56,2.64,2.4,2.53,7600,24.59,-0.0076674737691687644
2004-03-17,2.47,2.59,2.47,2.55,4800,24.78,0.007726718178121317
2004-03-18,2.58,2.6,2.38,2.39,5200,23.23,-0.0625504439063761
2004-03-19,2.37,2.46,2.1,2.17,31700,21.09,-0.09212225570383126
2004-03-22,2.29,2.29,1.85,1.86,52500,18.08,-0.14272166903745853
2004-03-23,1.95,2.01,1.75,1.93,32900,18.76,0.03761061946902666
2004-03-24,2.02,2.04,1.95,2.0,21900,19.44,0.036247334754797356
2004-03-25,2.05,2.1,1.97,2.0,39900,19.44,0.0
2004-03-26,2.02,2.1,1.96,2.0,41800,19.44,0.0
2004-03-29,2.0,2.33,1.97,2.3,23200,22.35,0.14969135802469125
2004-03-30,2.21,2.42,2.21,2.3,28800,22.35,0.0
2004-03-31,2.28,2.36,2.28,2.34,12400,22.74,0.01744966442953011
2004-04-01,2.36,2.55,2.34,2.54,13700,24.68,0.08531222515391379
2004-04-02,2.59,2.59,2.33,2.37,19500,23.03,-0.0668557536466774
2004-04-05,2.42,2.5,2.31,2.47,25600,24.0,0.04211897524967423
2004-04-06,2.53,2.53,2.35,2.53,7600,24.59,0.0245833333333334
2004-04-07,2.49,2.51,2.41,2.46,4300,23.91,-0.027653517690117924
2004-04-08,2.43,2.57,2.4,2.45,4400,23.81,-0.004182350480970376
2004-04-12,2.37,2.52,2.37,2.49,8400,24.2,0.016379672406551915
2004-04-13,2.3,2.44,2.13,2.16,11000,20.99,-0.13264462809917354
2004-04-14,2.2,2.36,2.16,2.22,14700,21.57,0.027632205812291755
2004-04-15,2.33,2.33,2.17,2.22,3000,21.57,0.0
2004-04-16,2.35,2.35,2.18,2.27,2700,22.06,0.022716736207695876
2004-04-19,2.23,2.25,2.1,2.1,10600,20.41,-0.07479601087941967
2004-04-20,2.1,2.16,2.01,2.02,12900,19.63,-0.03821656050955424
2004-04-21,2.01,2.11,2.01,2.06,6300,20.02,0.019867549668874274
2004-04-22,2.07,2.07,1.98,2.07,9200,20.12,0.004995004995005159
2004-04-23,2.09,2.09,2.0,2.02,4700,19.63,-0.024353876739562685
2004-04-26,2.07,2.1,1.98,2.09,16900,20.31,0.03464085583290877
2004-04-27,2.17,2.17,1.9,1.92,28000,18.66,-0.08124076809453462
2004-04-28,1.9,2.04,1.9,1.99,6500,19.34,0.03644158628081451
2004-04-29,1.99,1.99,1.67,1.84,18200,17.88,-0.07549120992761116
2004-04-30,1.89,1.89,1.8,1.85,3400,17.98,0.005592841163311046
2004-05-03,1.77,1.87,1.77,1.86,5300,18.08,0.005561735261401468
2004-05-04,1.8,1.97,1.79,1.87,4200,18.17,0.004977876106194934
2004-05-05,1.93,1.93,1.81,1.85,2600,17.98,-0.010456796917996725
2004-05-06,1.8,1.86,1.8,1.85,1400,17.98,0.0
2004-05-07,1.89,1.98,1.79,1.9,4200,18.46,0.026696329254727535
2004-05-10,1.92,1.94,1.75,1.76,6900,17.1,-0.07367280606717219
2004-05-11,1.82,1.88,1.71,1.88,10100,18.27,0.06842105263157894
2004-05-12,1.86,1.86,1.75,1.82,10700,17.69,-0.03174603174603163
2004-05-13,1.8,1.85,1.76,1.77,9300,17.2,-0.027699265121537753
2004-05-14,1.8,1.82,1.77,1.82,11800,17.69,0.02848837209302335
2004-05-17,1.71,1.82,1.65,1.68,12000,16.33,-0.07687959299039027
2004-05-18,1.68,1.68,1.59,1.59,7800,15.45,-0.05388854868340476
2004-05-19,1.56,1.87,1.56,1.69,17100,16.42,0.06278317152103585
2004-05-20,1.8,1.8,1.44,1.46,55800,14.19,-0.1358099878197322
2004-05-21,1.48,1.61,1.48,1.52,29800,14.77,0.04087385482734329
2004-05-24,1.45,1.65,1.45,1.51,10500,14.67,-0.00677048070413
2004-05-25,1.51,1.55,1.45,1.55,16500,15.06,0.026584867075664764
2004-05-26,1.58,1.58,1.48,1.55,7600,15.06,0.0
2004-05-27,1.55,1.55,1.45,1.5,9800,14.58,-0.031872509960159445
2004-05-28,1.51,1.56,1.45,1.51,6200,14.67,0.006172839506172867
2004-06-01,1.5,1.51,1.48,1.49,3600,14.48,-0.012951601908657073
2004-06-02,1.5,1.56,1.45,1.56,4100,15.16,0.046961325966850875
2004-06-03,1.5,1.56,1.49,1.54,3700,14.97,-0.01253298153034299
2004-06-04,1.46,1.54,1.45,1.5,5000,14.58,-0.02605210420841686
2004-06-07,1.5,1.5,1.43,1.47,5200,14.29,-0.01989026063100141
2004-06-08,1.43,1.54,1.43,1.5,16600,14.58,0.020293911826452238
2004-06-09,1.45,1.53,1.45,1.53,5400,14.87,0.01989026063100141
2004-06-10,1.52,1.52,1.46,1.48,8900,14.38,-0.03295225285810344
2004-06-14,1.5,1.5,1.45,1.46,7800,14.19,-0.013212795549374268
2004-06-15,1.4,1.5,1.4,1.45,4000,14.09,-0.007047216349541863
2004-06-16,1.45,1.5,1.36,1.47,15700,14.29,0.01419446415897796
2004-06-17,1.42,1.5,1.42,1.48,8200,14.38,0.006298110566830051
2004-06-18,1.49,1.5,1.36,1.37,3400,13.31,-0.07440890125173849
2004-06-21,1.3,1.5,1.3,1.42,10000,13.8,0.03681442524417733
2004-06-22,1.3,1.48,1.3,1.37,10600,13.31,-0.035507246376811574
2004-06-23,1.38,1.48,1.37,1.4,6500,13.61,0.022539444027047217
2004-06-24,1.42,1.45,1.36,1.4,8100,13.61,0.0
2004-06-25,1.39,1.4,1.24,1.37,22100,13.31,-0.02204261572373245
2004-06-28,1.26,1.36,1.21,1.34,20000,13.02,-0.021788129226145814
2004-06-29,1.26,1.33,1.23,1.28,13900,12.44,-0.044546850998463894
2004-06-30,1.23,1.34,1.18,1.22,18600,11.86,-0.04662379421221863
2004-07-01,1.22,1.27,1.19,1.26,10000,12.24,0.03204047217537953
2004-07-02,1.19,1.34,1.19,1.27,10900,12.34,0.008169934640522847
2004-07-06,1.25,1.3,1.2,1.3,24500,12.63,0.02350081037277163
2004-07-07,1.3,1.49,1.29,1.42,13700,13.8,0.09263657957244664
2004-07-08,1.42,1.59,1.4,1.41,19200,13.7,-0.007246376811594346
2004-07-09,1.58,1.58,1.45,1.5,10500,14.58,0.06423357664233587
2004-07-12,1.52,1.52,1.42,1.45,11600,14.09,-0.033607681755829955
2004-07-13,1.55,1.55,1.33,1.4,17100,13.61,-0.03406671398154726
2004-07-14,1.44,1.45,1.32,1.39,8100,13.51,-0.0073475385745774835
2004-07-15,1.4,1.49,1.4,1.45,6500,14.09,0.04293116210214665
2004-07-16,1.43,1.54,1.35,1.47,7000,14.29,0.01419446415897796
2004-07-19,1.5,1.54,1.33,1.41,6500,13.7,-0.041287613715885185
2004-07-20,1.39,1.41,1.33,1.41,9600,13.7,0.0
2004-07-21,1.33,1.5,1.33,1.45,4100,14.09,0.028467153284671642
2004-07-22,1.45,1.48,1.42,1.43,7600,13.9,-0.013484740951029028
2004-07-23,1.45,1.48,1.33,1.4,10000,13.61,-0.02086330935251801
2004-07-26,1.44,1.48,1.34,1.44,2000,13.99,0.02792064658339455
2004-07-27,1.4,1.4,1.33,1.36,17600,13.22,-0.05503931379556826
2004-07-28,1.39,1.4,1.33,1.39,6200,13.51,0.021936459909228434
2004-07-29,1.34,1.44,1.33,1.36,18900,13.22,-0.021465581051073213
2004-07-30,1.34,1.4,1.32,1.37,7800,13.31,0.006807866868381307
2004-08-02,1.39,1.4,1.25,1.35,8400,13.12,-0.014274981217130112
2004-08-03,1.35,1.38,1.24,1.24,7800,12.05,-0.08155487804878037
2004-08-04,1.29,1.3,1.2,1.24,4400,12.05,0.0
2004-08-05,1.23,1.23,1.16,1.2,9900,11.66,-0.032365145228215764
2004-08-06,1.19,1.2,1.17,1.2,7400,11.66,0.0
2004-08-09,1.21,1.21,1.11,1.15,9400,11.18,-0.04116638078902235
2004-08-10,1.17,1.25,1.13,1.2,33900,11.66,0.0429338103756709
2004-08-11,1.2,1.24,1.11,1.2,13900,11.66,0.0
2004-08-12,1.18,1.18,1.07,1.09,22900,10.59,-0.09176672384219553
2004-08-13,1.12,1.12,1.02,1.05,14600,10.2,-0.03682719546742219
2004-08-16,1.07,1.08,1.03,1.07,15400,10.4,0.019607843137255054
2004-08-17,1.0,1.07,0.98,1.0,13400,9.72,-0.06538461538461537
2004-08-18,1.02,1.2,0.92,1.15,48000,11.18,0.15020576131687235
2004-08-19,1.19,1.22,1.06,1.11,9800,10.79,-0.03488372093023262
2004-08-20,1.19,1.29,1.06,1.28,13300,12.44,0.15291936978683962
2004-08-23,1.3,1.48,1.28,1.44,17400,13.99,0.12459807073954998
2004-08-24,1.44,1.46,1.36,1.39,4400,13.51,-0.03431022158684782
2004-08-25,1.44,1.48,1.35,1.48,6900,14.38,0.06439674315321997
2004-08-26,1.47,1.59,1.45,1.55,15700,15.06,0.04728789986091786
2004-08-27,1.55,1.66,1.5,1.63,18200,15.84,0.05179282868525892
2004-08-30,1.49,1.63,1.46,1.49,14000,14.48,-0.08585858585858586
2004-08-31,1.49,1.57,1.38,1.5,12000,14.58,0.006906077348066253
2004-09-01,1.35,1.5,1.35,1.44,7300,13.99,-0.040466392318244115
2004-09-02,1.42,1.58,1.4,1.56,32700,15.16,0.08363116511794133
2004-09-03,1.58,1.58,1.48,1.48,900,14.38,-0.05145118733509235
2004-09-07,1.55,1.63,1.5,1.5,6500,14.58,0.013908205841446364
2004-09-08,1.45,1.59,1.45,1.58,5000,15.35,0.05281207133058974
2004-09-09,1.5,1.54,1.47,1.5,2600,14.58,-0.0501628664495114
2004-09-10,1.49,1.54,1.46,1.51,2500,14.67,0.006172839506172867
2004-09-13,1.5,1.55,1.45,1.5,7200,14.58,-0.006134969325153339
2004-09-14,1.45,1.52,1.4,1.48,8100,14.38,-0.013717421124828433
2004-09-15,1.41,1.54,1.39,1.4,6800,13.61,-0.053546592489568945
2004-09-16,1.48,1.52,1.42,1.46,2300,14.19,0.042615723732549515
2004-09-17,1.49,1.49,1.38,1.4,4900,13.61,-0.04087385482734318
2004-09-20,1.46,1.46,1.35,1.42,4500,13.8,0.013960323291697385
2004-09-21,1.31,1.59,1.31,1.57,35600,15.26,0.10579710144927534
2004-09-22,1.57,1.57,1.47,1.5,14000,14.58,-0.044560943643512485
2004-09-23,1.46,1.55,1.46,1.53,12800,14.87,0.01989026063100141
2004-09-24,1.46,1.56,1.46,1.51,7800,14.67,-0.01344989912575656
2004-09-27,1.45,1.55,1.45,1.5,1600,14.58,-0.006134969325153339
2004-09-28,1.52,1.57,1.5,1.55,22500,15.06,0.03292181069958855
2004-09-29,1.56,1.73,1.56,1.72,33700,16.71,0.10956175298804793
2004-09-30,1.73,1.99,1.67,1.83,72000,17.78,0.06403351286654702
2004-10-01,1.76,1.87,1.68,1.83,15300,17.78,0.0
2004-10-04,1.89,1.93,1.77,1.84,16900,17.88,0.0056242969628794715
2004-10-05,1.9,1.9,1.78,1.86,7700,18.08,0.01118568232662187
2004-10-06,1.76,1.85,1.75,1.77,5200,17.2,-0.04867256637168138
2004-10-07,1.82,1.82,1.64,1.65,7500,16.03,-0.06802325581395341
2004-10-08,1.75,1.79,1.59,1.62,8500,15.74,-0.01809107922645048
2004-10-11,1.51,1.62,1.47,1.58,22600,15.35,-0.024777636594663366
2004-10-12,1.52,1.63,1.5,1.56,5800,15.16,-0.01237785016286641
2004-10-13,1.59,1.62,1.55,1.58,7400,15.35,0.01253298153034299
2004-10-14,1.62,1.62,1.51,1.57,2900,15.26,-0.005863192182410382
2004-10-15,1.51,1.61,1.51,1.54,4500,14.97,-0.019003931847968447
2004-10-18,1.61,1.64,1.53,1.53,6500,14.87,-0.006680026720106924
2004-10-19,1.55,1.58,1.51,1.51,3100,14.67,-0.01344989912575656
2004-10-20,1.51,1.55,1.5,1.5,2800,14.58,-0.006134969325153339
2004-10-21,1.5,1.52,1.47,1.47,5200,14.29,-0.01989026063100141
2004-10-22,1.46,1.5,1.42,1.44,4900,13.99,-0.02099370188943306
2004-10-25,1.41,1.45,1.41,1.42,2600,13.8,-0.013581129378127166
2004-10-26,1.39,1.47,1.28,1.3,13500,12.63,-0.08478260869565213
2004-10-27,1.27,1.47,1.27,1.42,11800,13.8,0.09263657957244664
2004-10-28,1.52,1.56,1.4,1.5,8600,14.58,0.05652173913043468
2004-10-29,1.54,1.57,1.48,1.57,3800,15.26,0.04663923182441709
2004-11-01,1.57,1.57,1.49,1.49,1800,14.48,-0.05111402359108774
2004-11-02,1.49,1.52,1.49,1.49,2400,14.48,0.0
2004-11-03,1.49,1.58,1.49,1.53,3400,14.87,0.026933701657458453
2004-11-04,1.49,1.62,1.45,1.53,6000,14.87,0.0
2004-11-05,1.55,1.58,1.48,1.56,3600,15.16,0.0195023537323471
2004-11-08,1.52,1.56,1.51,1.56,2500,15.16,0.0
2004-11-09,1.51,1.56,1.48,1.5,3800,14.58,-0.03825857519788922
2004-11-10,1.47,1.53,1.47,1.5,3000,14.58,0.0
2004-11-11,1.54,1.55,1.5,1.52,9300,14.77,0.013031550068587139
2004-11-12,1.6,1.65,1.54,1.6,23800,15.55,0.05280974949221395
2004-11-15,1.6,1.6,1.33,1.37,26000,13.31,-0.14405144694533767
2004-11-16,1.37,1.38,1.3,1.34,7600,13.02,-0.021788129226145814
2004-11-17,1.36,1.36,1.15,1.29,31400,12.54,-0.03686635944700467
2004-11-18,1.31,1.31,1.14,1.15,34200,11.18,-0.10845295055821369
2004-11-19,1.15,1.2,1.15,1.16,11000,11.27,0.00805008944543828
2004-11-22,1.15,1.19,1.11,1.11,17000,10.79,-0.04259094942324759
2004-11-23,1.11,1.15,1.05,1.14,15100,11.08,0.026876737720111343
2004-11-24,1.15,1.15,1.14,1.15,15500,11.18,0.00902527075812265
2004-11-26,1.15,1.21,1.12,1.2,4100,11.66,0.0429338103756709
2004-11-29,1.22,1.23,1.11,1.15,17700,11.18,-0.04116638078902235
2004-11-30,1.1,1.12,1.05,1.05,10100,10.2,-0.08765652951699465
2004-12-01,1.05,1.13,1.05,1.12,7000,10.88,0.06666666666666687
2004-12-02,1.1,1.1,1.06,1.08,8900,10.5,-0.03492647058823539
2004-12-03,1.05,1.08,0.99,1.07,22200,10.4,-0.00952380952380949
2004-12-06,1.09,1.1,1.03,1.07,8800,10.4,0.0
2004-12-07,1.1,1.17,1.07,1.14,30900,11.08,0.06538461538461537
2004-12-08,1.18,1.19,1.15,1.16,8000,11.27,0.017148014440433235
2004-12-09,1.19,1.19,1.12,1.15,9300,11.18,-0.007985803016858917
2004-12-10,1.12,1.15,1.11,1.14,16000,11.08,-0.008944543828264706
2004-12-13,1.14,1.15,1.12,1.14,4000,11.08,0.0
2004-12-14,1.12,1.15,1.1,1.11,13600,10.79,-0.026173285198555996
2004-12-15,1.14,1.23,1.05,1.1,9000,10.69,-0.009267840593141785
2004-12-16,1.14,1.14,1.05,1.07,10400,10.4,-0.027128157156220634
2004-12-17,1.07,1.1,1.05,1.1,8300,10.69,0.027884615384615286
2004-12-20,1.16,1.16,1.05,1.13,31600,10.98,0.027128157156220745
2004-12-21,1.1,1.16,1.08,1.16,6600,11.27,0.026411657559198387
2004-12-22,1.16,1.17,1.15,1.16,11300,11.27,0.0
2004-12-23,1.16,1.21,1.13,1.19,28700,11.56,0.025732031943212164
2004-12-27,1.15,1.22,1.11,1.21,12400,11.76,0.01730103806228378
2004-12-28,1.22,1.22,1.16,1.17,6700,11.37,-0.03316326530612246
2004-12-29,1.18,1.21,1.16,1.2,8000,11.66,0.025505716798592815
2004-12-30,1.19,1.2,1.16,1.18,14400,11.47,-0.016295025728988
2004-12-31,1.17,1.19,1.15,1.17,10300,11.37,-0.008718395815170088
2005-01-03,1.2,1.2,1.15,1.18,6500,11.47,0.008795074758135568
2005-01-04,1.18,1.2,1.15,1.15,4600,11.18,-0.02528334786399311
2005-01-05,1.15,1.17,1.08,1.08,9000,10.5,-0.06082289803220031
2005-01-06,1.09,1.11,1.08,1.1,3100,10.69,0.018095238095237942
2005-01-07,1.11,1.11,1.1,1.11,1600,10.79,0.009354536950420878
2005-01-10,1.11,1.14,1.09,1.12,3000,10.88,0.008341056533827773
2005-01-11,1.1,1.12,1.05,1.08,5800,10.5,-0.03492647058823539
2005-01-12,1.06,1.08,1.03,1.05,15400,10.2,-0.028571428571428692
2005-01-13,1.12,1.12,1.03,1.04,8100,10.11,-0.008823529411764675
2005-01-14,1.02,1.07,1.02,1.04,3700,10.11,0.0
2005-01-18,1.02,1.04,1.0,1.02,14100,9.91,-0.01978239366963397
2005-01-19,1.0,1.02,0.98,1.0,11800,9.72,-0.019172552976791102
2005-01-20,1.02,1.02,0.99,1.0,3800,9.72,0.0
2005-01-21,1.01,1.05,0.97,1.04,10000,10.11,0.04012345679012341
2005-01-24,1.05,1.1,1.03,1.08,9100,10.5,0.03857566765578646
2005-01-25,1.02,1.1,1.01,1.05,6700,10.2,-0.028571428571428692
2005-01-26,1.08,1.08,1.01,1.05,1900,10.2,0.0
2005-01-27,1.02,1.04,1.02,1.03,2300,10.01,-0.01862745098039209
2005-01-28,1.02,1.07,1.01,1.05,2600,10.2,0.018981018981018893
2005-01-31,1.04,1.07,1.01,1.07,2400,10.4,0.019607843137255054
2005-02-01,1.08,1.14,1.07,1.14,12200,11.08,0.06538461538461537
2005-02-02,1.1,1.22,1.1,1.17,21500,11.37,0.026173285198555885
2005-02-03,1.17,1.17,1.13,1.17,5800,11.37,0.0
2005-02-04,1.19,1.29,1.17,1.28,48400,12.44,0.09410729991204936
2005-02-07,1.29,1.34,1.24,1.28,66500,12.44,0.0
2005-02-08,1.29,1.29,1.18,1.2,15100,11.66,-0.06270096463022501
2005-02-09,1.23,1.24,1.13,1.17,20600,11.37,-0.02487135506003435
2005-02-10,1.2,1.2,1.11,1.16,6500,11.27,-0.008795074758135457
2005-02-11,1.11,1.15,1.1,1.14,10800,11.08,-0.01685891748003543
2005-02-14,1.12,1.13,1.1,1.1,3900,10.69,-0.035198555956678756
2005-02-15,1.12,1.19,1.07,1.11,6200,10.79,0.009354536950420878
2005-02-16,1.14,1.2,1.11,1.14,7800,11.08,0.026876737720111343
2005-02-17,1.21,1.21,1.13,1.19,2500,11.56,0.04332129963898912
2005-02-18,1.2,1.24,1.14,1.18,5000,11.47,-0.007785467128027634
2005-02-22,1.25,1.25,1.16,1.23,9300,11.95,0.04184829991281602
2005-02-23,1.21,1.25,1.18,1.19,6500,11.56,-0.03263598326359818
2005-02-24,1.19,1.2,1.1,1.19,3600,11.56,0.0
2005-02-25,1.17,1.19,1.11,1.11,3400,10.79,-0.06660899653979246
2005-02-28,1.11,1.15,1.08,1.1,5400,10.69,-0.009267840593141785
2005-03-01,1.12,1.13,1.08,1.13,4100,10.98,0.027128157156220745
2005-03-02,1.14,1.24,1.14,1.2,16400,11.66,0.06193078324225865
2005-03-03,1.23,1.24,1.16,1.2,8200,11.66,0.0
2005-03-04,1.19,1.19,1.15,1.18,2000,11.47,-0.016295025728988
2005-03-07,1.16,1.16,1.12,1.13,7400,10.98,-0.042720139494333065
2005-03-08,1.18,1.18,1.13,1.16,2400,11.27,0.026411657559198387
2005-03-09,1.15,1.18,1.12,1.17,2400,11.37,0.008873114463176623
2005-03-10,1.17,1.17,1.13,1.16,800,11.27,-0.008795074758135457
2005-03-11,1.15,1.16,1.12,1.15,3400,11.18,-0.007985803016858917
2005-03-14,1.14,1.16,1.14,1.14,6100,11.08,-0.008944543828264706
2005-03-15,1.14,1.18,1.14,1.15,1200,11.18,0.00902527075812265
2005-03-16,1.16,1.16,1.02,1.05,9300,10.2,-0.08765652951699465
2005-03-17,1.05,1.15,1.02,1.15,4000,11.18,0.09607843137254912
2005-03-18,1.14,1.14,1.05,1.08,2800,10.5,-0.06082289803220031
2005-03-21,1.03,1.12,1.03,1.12,3200,10.88,0.03619047619047633
2005-03-22,1.08,1.1,1.05,1.05,5500,10.2,-0.06250000000000011
2005-03-23,1.1,1.1,0.86,1.0,20900,9.72,-0.0470588235294116
2005-03-24,1.05,1.05,0.91,0.98,20600,9.52,-0.020576131687242927
2005-03-28,0.92,0.98,0.92,0.96,6900,9.33,-0.01995798319327724
2005-03-29,0.93,0.93,0.87,0.88,6200,8.55,-0.08360128617363338
2005-03-30,0.81,0.82,0.67,0.82,38500,7.97,-0.06783625730994158
2005-03-31,0.75,0.79,0.75,0.75,17000,7.29,-0.08531994981179425
2005-04-01,0.75,0.79,0.65,0.71,19400,6.9,-0.053497942386831254
2005-04-04,0.74,0.74,0.65,0.68,8700,6.61,-0.04202898550724643
2005-04-05,0.66,0.76,0.66,0.76,9800,7.39,0.11800302571860799
2005-04-06,0.75,0.85,0.71,0.82,19400,7.97,0.07848443843031117
2005-04-07,0.82,0.83,0.78,0.81,5200,7.87,-0.012547051442910906
2005-04-08,0.83,0.83,0.78,0.79,6300,7.68,-0.02414231257941557
2005-04-11,0.81,0.81,0.79,0.8,7400,7.77,0.01171875
2005-04-12,0.78,0.82,0.76,0.76,5900,7.39,-0.04890604890604888
2005-04-13,0.71,0.81,0.71,0.76,5800,7.39,0.0
2005-04-14,0.77,0.77,0.7,0.7,4700,6.8,-0.07983761840324766
2005-04-15,0.7,0.75,0.6,0.7,6400,6.8,0.0
2005-04-18,0.65,0.75,0.65,0.7,1900,6.8,0.0
2005-04-19,0.72,0.75,0.7,0.74,31300,7.19,0.057352941176470607
2005-04-20,0.79,0.79,0.73,0.79,2800,7.68,0.06815020862308763
2005-04-21,0.79,0.79,0.71,0.73,1500,7.09,-0.07682291666666663
2005-04-22,0.73,0.73,0.7,0.73,2200,7.09,0.0
2005-04-25,0.73,0.77,0.73,0.76,5000,7.39,0.042313117066290484
2005-04-26,0.76,0.78,0.73,0.73,7800,7.09,-0.04059539918809196
2005-04-27,0.72,0.72,0.69,0.7,11000,6.8,-0.04090267983074758
2005-04-28,0.68,0.69,0.61,0.63,13400,6.12,-0.09999999999999998
2005-04-29,0.64,0.65,0.61,0.61,3700,5.93,-0.03104575163398704
2005-05-02,0.6,0.61,0.53,0.56,6000,5.44,-0.08263069139966261
2005-05-03,0.52,0.67,0.52,0.67,14000,6.51,0.1966911764705881
2005-05-04,0.64,0.85,0.57,0.83,32300,8.07,0.23963133640553003
2005-05-05,0.87,0.89,0.68,0.79,11300,7.68,-0.048327137546468446
2005-05-06,0.73,0.77,0.71,0.74,3700,7.19,-0.06380208333333326
2005-05-09,0.69,0.8,0.69,0.8,1900,7.77,0.08066759388038935
2005-05-10,0.79,0.8,0.69,0.79,2100,7.68,-0.01158301158301156
2005-05-11,0.75,0.84,0.63,0.84,26000,8.16,0.0625
2005-05-12,0.76,0.83,0.75,0.75,2500,7.29,-0.1066176470588236
2005-05-13,0.75,0.75,0.72,0.73,3400,7.09,-0.027434842249657088
2005-05-16,0.72,0.74,0.61,0.73,1200,7.09,0.0
2005-05-17,0.66,0.76,0.65,0.75,3700,7.29,0.028208744710860323
2005-05-18,0.7,0.84,0.7,0.81,20300,7.87,0.07956104252400542
2005-05-19,0.8,0.85,0.8,0.81,10000,7.87,0.0
2005-05-20,0.81,0.83,0.76,0.81,17200,7.87,0.0
2005-05-23,0.84,0.84,0.76,0.78,1700,7.58,-0.03684879288437104
2005-05-24,0.76,0.79,0.72,0.79,600,7.68,0.01319261213720302
2005-05-25,0.74,0.75,0.74,0.75,2200,7.29,-0.05078125
2005-05-26,0.75,0.75,0.72,0.75,1800,7.29,0.0
2005-05-27,0.75,0.77,0.72,0.76,1000,7.39,0.013717421124828544
2005-05-31,0.73,0.77,0.71,0.75,4200,7.29,-0.013531799729363914
2005-06-01,0.7,0.77,0.7,0.74,3800,7.19,-0.013717421124828433
2005-06-02,0.72,0.8,0.72,0.73,3500,7.09,-0.013908205841446475
2005-06-03,0.72,0.75,0.72,0.73,2200,7.09,0.0
2005-06-06,0.72,0.72,0.7,0.7,3600,6.8,-0.04090267983074758
2005-06-07,0.7,0.7,0.67,0.68,2000,6.61,-0.027941176470588136
2005-06-08,0.68,0.78,0.68,0.72,9900,7.0,0.059001512859303995
2005-06-09,0.77,0.78,0.72,0.75,1300,7.29,0.04142857142857137
2005-06-10,0.72,0.75,0.72,0.75,1900,7.29,0.0
2005-06-13,0.72,0.78,0.72,0.75,1200,7.29,0.0
2005-06-14,0.78,0.78,0.72,0.74,4700,7.19,-0.013717421124828433
2005-06-15,0.72,0.78,0.7,0.75,6700,7.29,0.013908205841446364
2005-06-16,0.75,0.78,0.75,0.75,600,7.29,0.0
2005-06-17,0.75,0.75,0.73,0.73,800,7.09,-0.027434842249657088
2005-06-20,0.72,0.75,0.7,0.72,2800,7.0,-0.012693935119887145
2005-06-21,0.72,0.72,0.7,0.72,1500,7.0,0.0
2005-06-22,0.7,0.72,0.7,0.7,3600,6.8,-0.02857142857142858
2005-06-23,0.7,0.7,0.68,0.69,2500,6.71,-0.013235294117647012
2005-06-24,0.68,0.68,0.63,0.65,5500,6.32,-0.058122205663189264
2005-06-27,0.65,0.69,0.6,0.68,6500,6.61,0.04588607594936711
2005-06-28,0.66,0.66,0.6,0.61,6500,5.93,-0.10287443267776109
2005-06-29,0.61,0.66,0.61,0.63,4200,6.12,0.03204047217537953
2005-06-30,0.67,0.67,0.61,0.61,5300,5.93,-0.03104575163398704
2005-07-01,0.65,0.65,0.6,0.61,7800,5.93,0.0
2005-07-05,0.6,0.65,0.55,0.64,14600,6.22,0.04890387858347389
2005-07-06,0.56,0.63,0.56,0.61,18500,5.93,-0.04662379421221863
2005-07-07,0.56,0.62,0.56,0.62,5200,6.03,0.016863406408094583
2005-07-08,0.6,0.68,0.57,0.64,12600,6.22,0.031509121061359835
2005-07-11,0.61,0.7,0.61,0.66,3600,6.41,0.030546623794212246
2005-07-12,0.64,0.64,0.62,0.63,5500,6.12,-0.04524180967238689
2005-07-13,0.61,0.66,0.61,0.65,5600,6.32,0.03267973856209161
2005-07-14,0.65,0.72,0.62,0.72,13200,7.0,0.10759493670886067
2005-07-15,0.64,0.7,0.61,0.7,19700,6.8,-0.02857142857142858
2005-07-18,0.64,0.7,0.64,0.69,3900,6.71,-0.013235294117647012
2005-07-19,0.7,0.72,0.68,0.71,10100,6.9,0.028315946348733245
2005-07-20,0.69,0.77,0.67,0.72,4900,7.0,0.014492753623188248
2005-07-21,0.75,0.79,0.69,0.77,6800,7.48,0.06857142857142873
2005-07-22,0.79,0.8,0.72,0.75,10700,7.29,-0.02540106951871668
2005-07-25,0.8,0.8,0.7,0.77,2600,7.48,0.026063100137174278
2005-07-26,0.79,0.84,0.76,0.84,30700,8.16,0.09090909090909083
2005-07-27,0.85,0.88,0.77,0.77,13200,7.48,-0.08333333333333326
2005-07-28,0.88,0.88,0.77,0.82,16400,7.97,0.06550802139037426
2005-07-29,0.85,0.85,0.78,0.82,5000,7.97,0.0
2005-08-01,0.8,0.8,0.77,0.78,8500,7.58,-0.04893350062735258
2005-08-02,0.8,0.8,0.77,0.79,1300,7.68,0.01319261213720302
2005-08-03,0.74,0.8,0.74,0.8,3700,7.77,0.01171875
2005-08-04,0.79,0.79,0.73,0.76,1600,7.39,-0.04890604890604888
2005-08-05,0.77,0.78,0.74,0.76,1000,7.39,0.0
2005-08-08,0.76,0.77,0.75,0.75,2900,7.29,-0.013531799729363914
2005-08-09,0.75,0.79,0.75,0.79,600,7.68,0.05349794238683114
2005-08-10,0.76,0.82,0.72,0.8,12500,7.77,0.01171875
2005-08-11,0.73,0.81,0.73,0.76,2000,7.39,-0.04890604890604888
2005-08-12,0.77,0.83,0.76,0.81,7400,7.87,0.06495263870094736
2005-08-15,0.8,0.8,0.73,0.75,6200,7.29,-0.07369758576874208
2005-08-16,0.73,0.74,0.7,0.73,1800,7.09,-0.027434842249657088
2005-08-17,0.75,0.75,0.7,0.75,2000,7.29,0.028208744710860323
2005-08-18,0.7,0.75,0.69,0.74,1600,7.19,-0.013717421124828433
2005-08-19,0.68,0.79,0.68,0.79,1500,7.68,0.06815020862308763
2005-08-22,0.76,0.8,0.76,0.79,5100,7.68,0.0
2005-08-23,0.74,0.79,0.73,0.79,6300,7.68,0.0
2005-08-24,0.73,0.75,0.71,0.72,5100,7.0,-0.08854166666666663
2005-08-25,0.72,0.75,0.72,0.75,700,7.29,0.04142857142857137
2005-08-26,0.73,0.75,0.72,0.75,4200,7.29,0.0
2005-08-29,0.75,0.75,0.72,0.75,5800,7.29,0.0
2005-08-30,0.75,0.75,0.69,0.71,2700,6.9,-0.053497942386831254
2005-08-31,0.75,0.76,0.73,0.75,7400,7.29,0.05652173913043468
2005-09-01,0.73,0.75,0.71,0.71,2200,6.9,-0.053497942386831254
2005-09-02,0.71,0.71,0.7,0.7,5600,6.8,-0.01449275362318847
2005-09-06,0.7,0.75,0.7,0.71,2300,6.9,0.014705882352941346
2005-09-07,0.71,0.74,0.65,0.7,17600,6.8,-0.01449275362318847
2005-09-08,0.7,0.75,0.7,0.74,8300,7.19,0.057352941176470607
2005-09-09,0.7,0.75,0.7,0.74,1500,7.19,0.0
2005-09-12,0.74,0.74,0.7,0.72,4500,7.0,-0.026425591098748313
2005-09-13,0.7,0.73,0.69,0.72,6100,7.0,0.0
2005-09-14,0.71,0.75,0.71,0.71,3900,6.9,-0.014285714285714235
2005-09-15,0.71,0.74,0.71,0.72,9000,7.0,0.014492753623188248
2005-09-16,0.74,0.76,0.73,0.75,10900,7.29,0.04142857142857137
2005-09-19,0.76,0.77,0.71,0.71,7400,6.9,-0.053497942386831254
2005-09-20,0.72,0.76,0.71,0.75,4600,7.29,0.05652173913043468
2005-09-21,0.73,0.76,0.73,0.75,5200,7.29,0.0
2005-09-22,0.73,0.78,0.73,0.78,12200,7.58,0.03978052126200282
2005-09-23,0.75,0.8,0.73,0.76,7700,7.39,-0.02506596306068609
2005-09-26,0.76,0.8,0.76,0.79,9400,7.68,0.03924221921515558
2005-09-27,0.79,0.8,0.77,0.8,8200,7.77,0.01171875
2005-09-28,0.8,0.85,0.79,0.85,10700,8.26,0.06306306306306309
2005-09-29,0.86,1.0,0.86,0.93,33700,9.04,0.09443099273607736
2005-09-30,0.91,0.98,0.89,0.89,15500,8.65,-0.0431415929203538
2005-10-03,0.88,0.98,0.88,0.91,4600,8.84,0.021965317919075078
2005-10-04,0.95,0.97,0.89,0.93,12400,9.04,0.02262443438914019
2005-10-05,0.95,0.98,0.88,0.92,3800,8.94,-0.011061946902654829
2005-10-06,0.89,0.92,0.81,0.85,9000,8.26,-0.07606263982102901
2005-10-07,0.88,0.89,0.85,0.87,5300,8.45,0.02300242130750596
2005-10-10,0.85,0.94,0.85,0.9,11500,8.75,0.03550295857988184
2005-10-11,0.98,0.98,0.86,0.9,13200,8.75,0.0
2005-10-12,0.9,0.9,0.87,0.87,4000,8.45,-0.034285714285714364
2005-10-13,0.81,0.96,0.81,0.86,11300,8.36,-0.010650887573964485
2005-10-14,0.95,0.95,0.88,0.95,9200,9.23,0.10406698564593309
2005-10-17,0.9,1.04,0.9,1.0,13400,9.72,0.05308775731310944
2005-10-18,0.99,1.14,0.99,1.1,49400,10.69,0.09979423868312742
2005-10-19,1.01,1.15,1.01,1.13,40200,10.98,0.027128157156220745
2005-10-20,1.14,1.15,1.06,1.09,3900,10.59,-0.03551912568306015
2005-10-21,1.07,1.09,1.04,1.06,7000,10.3,-0.02738432483474973
2005-10-24,1.05,1.05,1.0,1.03,7400,10.01,-0.028155339805825297
2005-10-25,1.05,1.09,1.04,1.06,16000,10.3,0.02897102897102899
2005-10-26,1.06,1.06,0.95,1.01,15700,9.82,-0.04660194174757282
2005-10-27,1.05,1.09,1.02,1.03,11400,10.01,0.019348268839103788
2005-10-28,1.05,1.1,1.0,1.01,14500,9.82,-0.018981018981018893
2005-10-31,1.02,1.15,1.02,1.12,18300,10.88,0.10794297352342164
2005-11-01,1.12,1.27,1.12,1.26,54400,12.24,0.125
2005-11-02,1.29,1.3,1.22,1.3,27000,12.63,0.031862745098039325
2005-11-03,1.3,1.36,1.25,1.3,45200,12.63,0.0
2005-11-04,1.29,1.36,1.25,1.3,19100,12.63,0.0
2005-11-07,1.34,1.35,1.23,1.27,13200,12.34,-0.022961203483768844
2005-11-08,1.25,1.3,1.2,1.2,15200,11.66,-0.05510534846029169
2005-11-09,1.19,1.24,1.16,1.24,6200,12.05,0.0334476843910807
2005-11-10,1.25,1.25,1.17,1.21,3200,11.76,-0.0240663900414938
2005-11-11,1.24,1.24,1.16,1.21,5200,11.76,0.0
2005-11-14,1.25,1.25,1.19,1.24,10100,12.05,0.024659863945578397
2005-11-15,1.2,1.25,1.2,1.24,5000,12.05,0.0
2005-11-16,1.24,1.24,1.18,1.2,13000,11.66,-0.032365145228215764
2005-11-17,1.17,1.22,1.17,1.21,7300,11.76,0.00857632933104635
2005-11-18,1.19,1.23,1.16,1.17,6900,11.37,-0.03316326530612246
2005-11-21,1.15,1.19,1.13,1.15,12200,11.18,-0.016710642040457246
2005-11-22,1.13,1.2,1.13,1.14,9300,11.08,-0.008944543828264706
2005-11-23,1.15,1.2,1.14,1.16,11100,11.27,0.017148014440433235
2005-11-25,1.18,1.23,1.12,1.12,5400,10.88,-0.034605146406388565
2005-11-28,1.14,1.19,1.14,1.15,5300,11.18,0.027573529411764497
2005-11-29,1.16,1.21,1.15,1.21,6000,11.76,0.051878354203935606
2005-11-30,1.18,1.22,1.16,1.2,5700,11.66,-0.008503401360544172
2005-12-01,1.17,1.27,1.17,1.27,8800,12.34,0.05831903945111483
2005-12-02,1.24,1.26,1.2,1.23,6300,11.95,-0.031604538087520284
2005-12-05,1.22,1.29,1.22,1.26,8800,12.24,0.024267782426778295
2005-12-06,1.27,1.28,1.23,1.26,6600,12.24,0.0
2005-12-07,1.27,1.27,1.24,1.25,1500,12.15,-0.007352941176470562
2005-12-08,1.2,1.24,1.2,1.24,4100,12.05,-0.008230452674897082
2005-12-09,1.23,1.31,1.23,1.3,8100,12.63,0.0481327800829876
2005-12-12,1.24,1.36,1.24,1.31,23000,12.73,0.007917656373713333
2005-12-13,1.35,1.4,1.29,1.33,10000,12.92,0.014925373134328401
2005-12-14,1.32,1.35,1.27,1.28,10000,12.44,-0.037151702786377694
2005-12-15,1.3,1.31,1.24,1.25,10100,12.15,-0.02331189710610926
2005-12-16,1.25,1.3,1.25,1.27,2200,12.34,0.01563786008230439
2005-12-19,1.25,1.35,1.25,1.3,13500,12.63,0.02350081037277163
2005-12-20,1.26,1.32,1.25,1.3,9800,12.63,0.0
2005-12-21,1.35,1.35,1.25,1.34,10300,13.02,0.030878859857482066
2005-12-22,1.3,1.35,1.3,1.33,4000,12.92,-0.007680491551459223
2005-12-23,1.33,1.36,1.31,1.31,4600,12.73,-0.014705882352941124
2005-12-27,1.33,1.33,1.27,1.33,13400,12.92,0.014925373134328401
2005-12-28,1.27,1.35,1.27,1.35,4600,13.12,0.015479876160990669
2005-12-29,1.35,1.35,1.29,1.34,3600,13.02,-0.007621951219512146
2005-12-30,1.28,1.35,1.28,1.32,4200,12.83,-0.014592933947772613
2006-01-03,1.34,1.35,1.3,1.35,10700,13.12,0.02260327357755254
2006-01-04,1.3,1.35,1.3,1.34,5100,13.02,-0.007621951219512146
2006-01-05,1.34,1.49,1.31,1.49,27200,14.48,0.11213517665130568
2006-01-06,1.5,1.55,1.43,1.49,35200,14.48,0.0
2006-01-09,1.53,1.53,1.46,1.46,6100,14.19,-0.02002762430939231
2006-01-10,1.48,1.49,1.43,1.43,9600,13.9,-0.020436927413671535
2006-01-11,1.41,1.43,1.4,1.41,2800,13.7,-0.014388489208633115
2006-01-12,1.41,1.42,1.39,1.39,6300,13.51,-0.013868613138686148
2006-01-13,1.4,1.4,1.35,1.4,5100,13.61,0.007401924500370027
2006-01-17,1.42,1.45,1.4,1.43,3500,13.9,0.021307861866274758
2006-01-18,1.42,1.42,1.4,1.41,600,13.7,-0.014388489208633115
2006-01-19,1.41,1.47,1.41,1.41,2200,13.7,0.0
2006-01-20,1.38,1.45,1.38,1.45,5000,14.09,0.028467153284671642
2006-01-23,1.41,1.43,1.37,1.41,5700,13.7,-0.0276792051100071
2006-01-24,1.4,1.43,1.39,1.42,2600,13.8,0.007299270072992803
2006-01-25,1.43,1.45,1.37,1.4,3600,13.61,-0.013768115942029091
2006-01-26,1.41,1.41,1.39,1.4,4000,13.61,0.0
2006-01-27,1.38,1.41,1.38,1.4,5400,13.61,0.0
2006-01-30,1.37,1.42,1.37,1.4,3800,13.61,0.0
2006-01-31,1.4,1.42,1.38,1.4,6000,13.61,0.0
2006-02-01,1.37,1.41,1.37,1.41,7900,13.7,0.006612784717119791
2006-02-02,1.45,1.45,1.37,1.4,25800,13.61,-0.006569343065693456
2006-02-03,1.35,1.43,1.35,1.41,10100,13.7,0.006612784717119791
2006-02-06,1.36,1.41,1.36,1.4,2200,13.61,-0.006569343065693456
2006-02-07,1.37,1.41,1.37,1.41,4900,13.7,0.006612784717119791
2006-02-08,1.42,1.42,1.4,1.4,1600,13.61,-0.006569343065693456
2006-02-09,1.39,1.4,1.39,1.4,600,13.61,0.0
2006-02-10,1.39,1.43,1.38,1.42,3400,13.8,0.013960323291697385
2006-02-13,1.43,1.43,1.4,1.4,4500,13.61,-0.013768115942029091
2006-02-14,1.39,1.42,1.39,1.42,4900,13.8,0.013960323291697385
2006-02-15,1.42,1.45,1.41,1.45,7400,14.09,0.021014492753623104
2006-02-16,1.45,1.45,1.4,1.42,4000,13.8,-0.020581973030518008
2006-02-17,1.4,1.44,1.4,1.4,700,13.61,-0.013768115942029091
2006-02-21,1.4,1.42,1.4,1.4,3000,13.61,0.0
2006-02-22,1.38,1.42,1.38,1.39,2900,13.51,-0.0073475385745774835
2006-02-23,1.4,1.41,1.39,1.4,4400,13.61,0.007401924500370027
2006-02-24,1.39,1.41,1.38,1.41,5000,13.7,0.006612784717119791
2006-02-27,1.41,1.44,1.39,1.42,8300,13.8,0.007299270072992803
2006-02-28,1.41,1.44,1.39,1.4,10200,13.61,-0.013768115942029091
2006-03-01,1.4,1.44,1.4,1.43,2800,13.9,0.021307861866274758
2006-03-02,1.41,1.47,1.4,1.47,4100,14.29,0.028057553956834402
2006-03-03,1.46,1.65,1.32,1.64,21500,15.94,0.11546536039188249
2006-03-06,1.65,1.65,1.6,1.65,7900,16.03,0.005646173149310041
2006-03-07,1.66,1.75,1.63,1.69,12500,16.42,0.0243293824079851
2006-03-08,1.69,1.74,1.65,1.71,2600,16.62,0.012180267965895109
2006-03-09,1.65,1.72,1.38,1.53,17000,14.87,-0.1052948255114321
2006-03-10,1.48,1.5,1.35,1.38,9300,13.41,-0.0981842636180228
2006-03-13,1.4,1.47,1.38,1.47,6100,14.29,0.06562266964951524
2006-03-14,1.49,1.55,1.49,1.51,7000,14.67,0.026592022393282067
2006-03-15,1.55,1.55,1.51,1.51,3500,14.67,0.0
2006-03-16,1.55,1.55,1.41,1.43,4000,13.9,-0.0524880708929788
2006-03-17,1.41,1.55,1.41,1.55,1400,15.06,0.08345323741007205
2006-03-20,1.47,1.47,1.44,1.44,1700,13.99,-0.07104913678618863
2006-03-21,1.45,1.53,1.43,1.45,3000,14.09,0.0071479628305932685
2006-03-22,1.45,1.48,1.36,1.43,6000,13.9,-0.013484740951029028
2006-03-23,1.37,1.44,1.36,1.42,3000,13.8,-0.007194244604316502
2006-03-24,1.37,1.5,1.37,1.5,5400,14.58,0.05652173913043468
2006-03-27,1.55,1.59,1.06,1.18,58300,11.47,-0.2133058984910836
2006-03-28,0.95,1.19,0.91,1.13,40600,10.98,-0.042720139494333065
2006-03-29,1.15,1.23,1.14,1.23,11400,11.95,0.08834244080145703
2006-03-30,1.25,1.25,1.15,1.18,6000,11.47,-0.04016736401673626
2006-03-31,1.16,1.21,1.16,1.19,3900,11.56,0.007846556233652935
2006-04-03,1.15,1.19,1.14,1.14,4800,11.08,-0.04152249134948105
2006-04-04,1.19,1.19,1.14,1.16,1200,11.27,0.017148014440433235
2006-04-05,1.19,1.19,1.12,1.12,3500,10.88,-0.034605146406388565
2006-04-06,1.11,1.15,1.11,1.14,2100,11.08,0.018382352941176405
2006-04-07,1.11,1.2,1.1,1.17,5100,11.37,0.026173285198555885
2006-04-10,1.2,1.2,1.13,1.18,2200,11.47,0.008795074758135568
2006-04-11,1.17,1.17,1.13,1.14,4000,11.08,-0.03400174367916309
2006-04-12,1.14,1.15,1.14,1.15,1300,11.18,0.00902527075812265
2006-04-13,1.12,1.14,1.0,1.13,5900,10.98,-0.017889087656529412
2006-04-17,1.03,1.14,1.03,1.1,8700,10.69,-0.02641165755919861
2006-04-18,1.05,1.1,1.01,1.07,5600,10.4,-0.027128157156220634
2006-04-19,1.05,1.11,1.05,1.1,2400,10.69,0.027884615384615286
2006-04-20,1.11,1.15,1.11,1.13,3700,10.98,0.027128157156220745
2006-04-21,1.15,1.17,1.11,1.14,2800,11.08,0.009107468123861429
2006-04-24,1.15,1.15,1.1,1.15,800,11.18,0.00902527075812265
2006-04-25,1.13,1.13,1.08,1.11,800,10.79,-0.03488372093023262
2006-04-26,1.13,1.13,1.1,1.11,5200,10.79,0.0
2006-04-27,1.05,1.15,1.05,1.15,3700,11.18,0.03614457831325302
2006-04-28,1.03,1.12,1.03,1.1,4000,10.69,-0.043828264758497326
2006-05-01,1.15,1.15,1.06,1.08,5100,10.5,-0.017773620205799756
2006-05-02,1.03,1.12,1.03,1.1,1900,10.69,0.018095238095237942
2006-05-03,1.1,1.12,1.07,1.08,3700,10.5,-0.017773620205799756
2006-05-04,1.04,1.13,1.04,1.09,6300,10.59,0.008571428571428452
2006-05-05,1.13,1.13,1.09,1.11,2700,10.79,0.018885741265344702
2006-05-08,1.08,1.13,1.08,1.09,1900,10.59,-0.01853568118628357
2006-05-09,1.1,1.12,1.06,1.09,3100,10.59,0.0
2006-05-10,1.07,1.13,1.07,1.08,1300,10.5,-0.008498583569405138
2006-05-11,1.1,1.1,1.08,1.1,900,10.69,0.018095238095237942
2006-05-12,1.12,1.12,1.08,1.1,5200,10.69,0.0
2006-05-15,1.11,1.12,1.08,1.1,8300,10.69,0.0
2006-05-16,1.05,1.12,1.05,1.11,2600,10.79,0.009354536950420878
2006-05-17,1.08,1.11,1.07,1.09,6400,10.59,-0.01853568118628357
2006-05-18,1.06,1.11,1.06,1.07,13600,10.4,-0.017941454202077378
2006-05-19,1.1,1.18,1.09,1.12,8400,10.88,0.04615384615384621
2006-05-22,1.13,1.13,1.1,1.11,1700,10.79,-0.008272058823529549
2006-05-23,1.11,1.13,1.1,1.12,1000,10.88,0.008341056533827773
2006-05-24,1.11,1.13,1.11,1.11,1400,10.79,-0.008272058823529549
2006-05-25,1.1,1.13,1.09,1.12,1300,10.88,0.008341056533827773
2006-05-26,1.11,1.13,1.07,1.13,3000,10.98,0.009191176470588092
2006-05-30,1.14,1.14,1.11,1.11,600,10.79,-0.01730418943533707
2006-05-31,1.07,1.11,1.07,1.1,2000,10.69,-0.009267840593141785
2006-06-01,1.08,1.08,1.07,1.07,800,10.4,-0.027128157156220634
2006-06-02,1.1,1.11,1.1,1.1,3000,10.69,0.027884615384615286
2006-06-05,1.12,1.12,1.08,1.1,1400,10.69,0.0
2006-06-06,1.09,1.09,1.08,1.08,1200,10.5,-0.017773620205799756
2006-06-07,1.1,1.1,1.08,1.08,900,10.5,0.0
2006-06-08,1.08,1.1,1.05,1.1,6300,10.69,0.018095238095237942
2006-06-09,1.1,1.1,1.08,1.1,3600,10.69,0.0
2006-06-12,1.05,1.08,1.05,1.07,3200,10.4,-0.027128157156220634
2006-06-13,1.05,1.08,1.05,1.08,3300,10.5,0.009615384615384581
2006-06-14,1.06,1.1,1.06,1.1,5100,10.69,0.018095238095237942
2006-06-15,1.06,1.08,1.06,1.08,2000,10.5,-0.017773620205799756
2006-06-16,1.04,1.08,1.04,1.08,7200,10.5,0.0
2006-06-19,1.05,1.05,1.05,1.05,1000,10.2,-0.028571428571428692
2006-06-20,1.05,1.05,1.05,1.05,100,10.2,0.0
2006-06-21,1.05,1.05,1.03,1.04,3200,10.11,-0.008823529411764675
2006-06-22,1.06,1.08,1.04,1.07,1800,10.4,0.028684470820969477
2006-06-23,1.08,1.1,1.08,1.09,1900,10.59,0.018269230769230704
2006-06-26,1.08,1.1,1.08,1.08,800,10.5,-0.008498583569405138
2006-06-27,1.1,1.1,1.02,1.02,5000,9.91,-0.056190476190476124
2006-06-28,1.07,1.08,1.02,1.06,100,10.3,0.03935418768920296
2006-06-29,1.03,1.06,1.03,1.05,1400,10.2,-0.009708737864077777
2006-06-30,1.05,1.1,1.05,1.05,3400,10.2,0.0
2006-07-03,1.03,1.05,1.02,1.05,600,10.2,0.0
2006-07-05,1.03,1.08,1.03,1.08,1500,10.5,0.02941176470588247
2006-07-06,1.03,1.07,1.03,1.06,400,10.3,-0.01904761904761898
2006-07-07,1.03,1.04,1.03,1.04,300,10.11,-0.018446601941747742
2006-07-10,1.03,1.06,1.02,1.05,1800,10.2,0.008902077151335286
2006-07-11,1.03,1.05,1.01,1.01,3400,9.82,-0.03725490196078418
2006-07-12,1.04,1.07,1.01,1.07,10000,10.4,0.05906313645621175
2006-07-13,1.03,1.03,0.98,1.01,3100,9.82,-0.05576923076923079
2006-07-14,1.05,1.06,0.98,1.01,3400,9.82,0.0
2006-07-17,0.99,1.08,0.99,1.03,5000,10.01,0.019348268839103788
2006-07-18,1.0,1.08,1.0,1.08,2300,10.5,0.04895104895104896
2006-07-19,1.08,1.15,1.05,1.06,3200,10.3,-0.01904761904761898
2006-07-20,1.15,1.15,0.98,1.03,5200,10.01,-0.028155339805825297
2006-07-21,1.01,1.08,0.98,1.01,2200,9.82,-0.018981018981018893
2006-07-24,1.02,1.04,0.99,1.03,4900,10.01,0.019348268839103788
2006-07-25,1.07,1.19,1.07,1.19,6900,11.56,0.15484515484515482
2006-07-26,1.2,1.2,1.13,1.15,5900,11.18,-0.03287197231833916
2006-07-27,1.14,1.23,1.12,1.18,11600,11.47,0.025939177101967914
2006-07-28,1.2,1.34,1.19,1.32,11000,12.83,0.11857018308631195
2006-07-31,1.39,1.39,1.28,1.29,7500,12.54,-0.02260327357755265
2006-08-01,1.27,1.27,1.21,1.25,3800,12.15,-0.031100478468899406
2006-08-02,1.26,1.27,1.24,1.27,2400,12.34,0.01563786008230439
2006-08-03,1.25,1.33,1.25,1.26,2300,12.24,-0.008103727714748765
2006-08-04,1.28,1.39,1.28,1.35,2000,13.12,0.07189542483660127
2006-08-07,1.37,1.39,1.3,1.38,2900,13.41,0.02210365853658547
2006-08-08,1.38,1.42,1.36,1.42,5500,13.8,0.029082774049216997
2006-08-09,1.4,1.4,1.32,1.35,2800,13.12,-0.049275362318840665
2006-08-10,1.37,1.38,1.32,1.37,1100,13.31,0.014481707317073322
2006-08-11,1.55,1.55,1.42,1.42,7700,13.8,0.03681442524417733
2006-08-14,1.4,1.5,1.39,1.43,1600,13.9,0.007246376811594235
2006-08-15,1.48,1.49,1.37,1.41,4900,13.7,-0.014388489208633115
2006-08-16,1.37,1.47,1.3,1.4,4400,13.61,-0.006569343065693456
2006-08-17,1.42,1.42,1.37,1.38,1400,13.41,-0.014695077149154967
2006-08-18,1.37,1.41,1.35,1.4,900,13.61,0.014914243102162494
2006-08-21,1.39,1.41,1.28,1.34,5200,13.02,-0.04335047759000732
2006-08-22,1.32,1.43,1.31,1.43,9200,13.9,0.06758832565284179
2006-08-23,1.42,1.54,1.35,1.53,17100,14.87,0.06978417266187043
2006-08-24,1.56,1.57,1.54,1.55,8300,15.06,0.01277740416946882
2006-08-25,1.55,1.56,1.5,1.52,4100,14.77,-0.01925630810092971
2006-08-28,1.55,1.58,1.42,1.56,5700,15.16,0.026404874746106977
2006-08-29,1.53,1.65,1.53,1.64,12500,15.94,0.05145118733509224
2006-08-30,1.65,1.75,1.62,1.75,18800,17.01,0.06712672521957352
2006-08-31,1.75,1.8,1.72,1.72,19700,16.71,-0.01763668430335097
2006-09-01,1.7,1.79,1.7,1.7,9300,16.52,-0.011370436864153288
2006-09-05,1.69,1.8,1.61,1.74,9000,16.91,0.02360774818401934
2006-09-06,1.67,1.84,1.66,1.84,8300,17.88,0.0573625073920756
2006-09-07,1.79,1.84,1.76,1.83,15000,17.78,-0.005592841163310824
2006-09-08,1.85,1.9,1.8,1.86,17200,18.08,0.01687289088863886
2006-09-11,1.85,1.88,1.72,1.82,7800,17.69,-0.02157079646017679
2006-09-12,1.82,1.82,1.72,1.77,6200,17.2,-0.027699265121537753
2006-09-13,1.8,1.8,1.67,1.75,5000,17.01,-0.011046511627906819
2006-09-14,1.75,1.75,1.61,1.61,5200,15.65,-0.07995296884185776
2006-09-15,1.61,1.65,1.51,1.6,20500,15.55,-0.006389776357827448
2006-09-18,1.62,1.65,1.6,1.64,5100,15.94,0.025080385852090048
2006-09-19,1.64,1.68,1.61,1.61,1500,15.65,-0.018193224592220725
2006-09-20,1.62,1.62,1.49,1.57,4500,15.26,-0.024920127795527214
2006-09-21,1.55,1.55,1.36,1.43,7100,13.9,-0.08912188728702486
2006-09-22,1.41,1.48,1.41,1.44,1500,13.99,0.006474820143884896
2006-09-25,1.41,1.45,1.35,1.35,4200,13.12,-0.062187276626161636
2006-09-26,1.33,1.55,1.33,1.52,6600,14.77,0.1257621951219512
2006-09-27,1.54,1.55,1.45,1.52,1700,14.77,0.0
2006-09-28,1.54,1.7,1.53,1.68,15700,16.33,0.1056194989844279
2006-09-29,1.72,1.72,1.55,1.69,8800,16.42,0.005511328842621177
2006-10-02,1.69,1.77,1.62,1.73,9100,16.81,0.02375152253349566
2006-10-03,1.71,1.73,1.6,1.69,3700,16.42,-0.02320047590719787
2006-10-04,1.64,1.73,1.64,1.7,2300,16.52,0.006090133982947554
2006-10-05,1.7,1.7,1.64,1.69,3400,16.42,-0.006053268765133013
2006-10-06,1.7,1.71,1.63,1.69,2600,16.42,0.0
2006-10-09,1.72,1.8,1.67,1.74,6100,16.91,0.029841656516443216
2006-10-10,1.75,1.78,1.64,1.7,4000,16.52,-0.02306327616794801
2006-10-11,1.72,1.74,1.68,1.7,1300,16.52,0.0
2006-10-12,1.62,1.7,1.62,1.68,6000,16.33,-0.011501210653753091
2006-10-13,1.65,1.69,1.65,1.69,1400,16.42,0.005511328842621177
2006-10-16,1.65,1.69,1.64,1.67,1000,16.23,-0.011571254567600553
2006-10-17,1.64,1.7,1.64,1.68,3700,16.33,0.006161429451632561
2006-10-18,1.69,1.73,1.69,1.71,2600,16.62,0.017758726270667546
2006-10-19,1.71,1.71,1.65,1.66,2500,16.13,-0.029482551143201086
2006-10-20,1.67,1.69,1.62,1.62,2600,15.74,-0.02417854928704266
2006-10-23,1.64,1.73,1.63,1.71,3100,16.62,0.05590851334180447
2006-10-24,1.65,1.74,1.65,1.74,4200,16.91,0.017448856799037182
2006-10-25,1.75,1.76,1.73,1.75,2400,17.01,0.00591366055588427
2006-10-26,1.73,1.74,1.68,1.69,2800,16.42,-0.03468547912992359
2006-10-27,1.65,1.74,1.65,1.74,1600,16.91,0.029841656516443216
2006-10-30,1.75,1.79,1.66,1.77,5400,17.2,0.01714961561206385
2006-10-31,1.75,1.75,1.69,1.69,1100,16.42,-0.04534883720930216
2006-11-01,1.71,1.71,1.67,1.7,1300,16.52,0.006090133982947554
2006-11-02,1.7,1.73,1.68,1.68,1400,16.33,-0.011501210653753091
2006-11-03,1.68,1.76,1.67,1.68,1300,16.33,0.0
2006-11-06,1.66,1.72,1.66,1.71,2100,16.62,0.017758726270667546
2006-11-07,1.69,1.71,1.66,1.71,1700,16.62,0.0
2006-11-08,1.65,1.73,1.65,1.65,2400,16.03,-0.035499398315282815
2006-11-09,1.64,1.73,1.56,1.62,5800,15.74,-0.01809107922645048
2006-11-10,1.64,1.65,1.64,1.65,1000,16.03,0.01842439644218552
2006-11-13,1.72,1.72,1.66,1.69,3400,16.42,0.0243293824079851
2006-11-14,1.62,1.66,1.25,1.58,5300,15.35,-0.06516443361753965
2006-11-15,1.51,1.64,1.51,1.58,3200,15.35,0.0
2006-11-16,1.58,1.69,1.58,1.67,4200,16.23,0.05732899022801319
2006-11-17,1.69,1.72,1.56,1.72,2300,16.71,0.02957486136783727
2006-11-20,1.73,1.73,1.67,1.73,2200,16.81,0.005984440454817275
2006-11-21,1.7,1.78,1.7,1.76,8400,17.1,0.017251635930993547
2006-11-22,1.74,1.74,1.71,1.71,1000,16.62,-0.028070175438596467
2006-11-24,1.67,1.75,1.64,1.75,1600,17.01,0.023465703971119245
2006-11-27,1.72,1.76,1.65,1.67,3900,16.23,-0.04585537918871263
2006-11-28,1.65,1.66,1.53,1.61,4600,15.65,-0.03573629081947016
2006-11-29,1.58,1.71,1.58,1.58,3300,15.35,-0.019169329073482455
2006-11-30,1.65,1.71,1.6,1.7,4200,16.52,0.0762214983713354
2006-12-01,1.7,1.71,1.65,1.7,2400,16.52,0.0
2006-12-04,1.7,1.7,1.66,1.7,500,16.52,0.0
2006-12-05,1.66,1.71,1.65,1.69,1500,16.42,-0.006053268765133013
2006-12-06,1.7,1.7,1.66,1.7,800,16.52,0.006090133982947554
2006-12-07,1.66,1.7,1.66,1.69,600,16.42,-0.006053268765133013
2006-12-08,1.68,1.71,1.68,1.7,2400,16.52,0.006090133982947554
2006-12-11,1.67,1.7,1.65,1.65,2700,16.03,-0.029661016949152463
2006-12-12,1.66,1.66,1.65,1.65,1400,16.03,0.0
2006-12-13,1.65,1.65,1.6,1.62,800,15.74,-0.01809107922645048
2006-12-14,1.61,1.67,1.6,1.67,3800,16.23,0.03113087674714099
2006-12-15,1.63,1.65,1.6,1.61,800,15.65,-0.03573629081947016
2006-12-18,1.6,1.61,1.46,1.5,6400,14.58,-0.06837060702875397
2006-12-19,1.52,1.66,1.5,1.66,3800,16.13,0.1063100137174211
2006-12-20,1.5,1.7,1.5,1.68,5800,16.33,0.012399256044637319
2006-12-21,1.68,1.74,1.63,1.73,5100,16.81,0.029393753827311686
2006-12-22,1.72,1.73,1.68,1.68,2400,16.33,-0.028554431885782328
2006-12-26,1.66,1.73,1.65,1.7,3500,16.52,0.011635027556644362
2006-12-27,1.69,1.7,1.65,1.7,1100,16.52,0.0
2006-12-28,1.69,1.78,1.65,1.78,16000,17.3,0.0472154963680389
2006-12-29,1.75,1.75,1.65,1.68,5300,16.33,-0.05606936416184982
2007-01-03,1.65,1.72,1.65,1.72,1800,16.71,0.0232700551132885
2007-01-04,1.7,1.72,1.67,1.71,1500,16.62,-0.0053859964093356805
2007-01-05,1.71,1.71,1.69,1.69,800,16.42,-0.01203369434416357
2007-01-08,1.7,1.75,1.7,1.73,1900,16.81,0.02375152253349566
2007-01-09,1.7,1.74,1.68,1.72,2500,16.71,-0.005948839976204545
2007-01-10,1.7,1.7,1.65,1.65,4700,16.03,-0.040694195092758845
2007-01-11,1.66,1.67,1.65,1.67,9000,16.23,0.012476606363069243
2007-01-12,1.67,1.67,1.65,1.65,6300,16.03,-0.012322858903265566
2007-01-16,1.65,1.67,1.64,1.64,16100,15.94,-0.005614472863381237
2007-01-17,1.63,1.68,1.63,1.68,20800,16.33,0.024466750313676178
2007-01-18,1.68,1.68,1.64,1.64,2400,15.94,-0.02388242498469073
2007-01-19,1.64,1.67,1.62,1.64,10200,15.94,0.0
2007-01-22,1.62,1.66,1.46,1.6,5700,15.55,-0.024466750313676178
2007-01-23,1.65,1.65,1.56,1.58,2800,15.35,-0.012861736334405238
2007-01-24,1.61,1.62,1.5,1.57,12800,15.26,-0.005863192182410382
2007-01-25,1.55,1.58,1.49,1.56,8200,15.16,-0.006553079947575369
2007-01-26,1.55,1.61,1.55,1.6,2800,15.55,0.02572559366754623
2007-01-29,1.62,1.62,1.54,1.62,3000,15.74,0.01221864951768481
2007-01-30,1.6,1.64,1.58,1.62,600,15.74,0.0
2007-01-31,1.62,1.64,1.56,1.62,400,15.74,0.0
2007-02-01,1.64,1.68,1.6,1.67,4600,16.23,0.03113087674714099
2007-02-02,1.67,1.69,1.65,1.66,2200,16.13,-0.006161429451632894
2007-02-05,1.69,1.7,1.66,1.67,1600,16.23,0.0061996280223186595
2007-02-06,1.64,1.68,1.64,1.65,1400,16.03,-0.012322858903265566
2007-02-07,1.62,1.68,1.62,1.66,2900,16.13,0.00623830318153451
2007-02-08,1.62,1.66,1.62,1.66,1600,16.13,0.0
2007-02-09,1.66,1.66,1.61,1.65,2700,16.03,-0.0061996280223185485
2007-02-12,1.63,1.65,1.6,1.6,3800,15.55,-0.029943855271366226
2007-02-13,1.6,1.65,1.6,1.6,900,15.55,0.0
2007-02-14,1.6,1.68,1.6,1.67,4700,16.23,0.043729903536977366
2007-02-15,1.65,1.65,1.6,1.61,2000,15.65,-0.03573629081947016
2007-02-16,1.61,1.65,1.61,1.65,700,16.03,0.024281150159744413
2007-02-20,1.61,1.64,1.57,1.6,1800,15.55,-0.029943855271366226
2007-02-21,1.59,1.66,1.56,1.65,7900,16.03,0.03086816720257235
2007-02-22,1.61,1.66,1.6,1.66,2100,16.13,0.00623830318153451
2007-02-23,1.65,1.7,1.64,1.68,3900,16.33,0.012399256044637319
2007-02-26,1.66,1.69,1.65,1.66,800,16.13,-0.01224739742804648
2007-02-27,1.65,1.66,1.6,1.62,8100,15.74,-0.02417854928704266
2007-02-28,1.65,1.67,1.64,1.65,1500,16.03,0.01842439644218552
2007-03-01,1.68,1.68,1.62,1.66,1500,16.13,0.00623830318153451
2007-03-02,1.63,1.67,1.6,1.65,3200,16.03,-0.0061996280223185485
2007-03-05,1.62,1.66,1.62,1.65,3000,16.03,0.0
2007-03-06,1.65,1.67,1.6,1.65,3900,16.03,0.0
2007-03-07,1.63,1.66,1.6,1.62,1200,15.74,-0.01809107922645048
2007-03-08,1.62,1.67,1.62,1.67,1800,16.23,0.03113087674714099
2007-03-09,1.65,1.68,1.65,1.68,3000,16.33,0.006161429451632561
2007-03-12,1.68,1.85,1.68,1.72,26300,16.71,0.0232700551132885
2007-03-13,1.72,1.76,1.65,1.68,5500,16.33,-0.022740873728306576
2007-03-14,1.69,1.74,1.68,1.7,19000,16.52,0.011635027556644362
2007-03-15,1.72,1.75,1.69,1.69,14000,16.42,-0.006053268765133013
2007-03-16,1.68,1.7,1.68,1.7,2500,16.52,0.006090133982947554
2007-03-19,1.7,1.73,1.69,1.69,2200,16.42,-0.006053268765133013
2007-03-20,1.7,1.72,1.68,1.7,1700,16.52,0.006090133982947554
2007-03-21,1.7,1.73,1.66,1.71,3700,16.62,0.006053268765133346
2007-03-22,1.69,1.72,1.67,1.7,5400,16.52,-0.006016847172081952
2007-03-23,1.68,1.7,1.66,1.69,1500,16.42,-0.006053268765133013
2007-03-26,1.67,1.71,1.67,1.7,4400,16.52,0.006090133982947554
2007-03-27,1.71,1.71,1.65,1.7,2500,16.52,0.0
2007-03-28,1.7,1.71,1.67,1.69,1200,16.42,-0.006053268765133013
2007-03-29,1.7,1.7,1.67,1.68,3100,16.33,-0.00548112058465311
2007-03-30,1.7,1.7,1.65,1.66,7100,16.13,-0.01224739742804648
2007-04-02,1.66,1.69,1.66,1.69,1800,16.42,0.017978921264724335
2007-04-03,1.67,1.7,1.66,1.67,600,16.23,-0.011571254567600553
2007-04-04,1.67,1.69,1.62,1.69,3400,16.42,0.011706715958102354
2007-04-05,1.68,1.7,1.66,1.7,4600,16.52,0.006090133982947554
2007-04-09,1.68,1.7,1.67,1.67,1400,16.23,-0.017554479418886104
2007-04-10,1.68,1.7,1.64,1.69,4000,16.42,0.011706715958102354
2007-04-11,1.66,1.69,1.65,1.68,1000,16.33,-0.00548112058465311
2007-04-12,1.66,1.72,1.64,1.7,11500,16.52,0.011635027556644362
2007-04-13,1.68,1.9,1.68,1.82,27900,17.69,0.07082324455205824
2007-04-16,1.88,2.08,1.88,2.05,45600,19.92,0.12605992085924256
2007-04-17,2.1,2.3,2.0,2.09,51000,20.31,0.019578313253011848
2007-04-18,2.11,2.18,1.98,1.98,17900,19.24,-0.052683407188577114
2007-04-19,1.97,2.15,1.97,2.11,17200,20.5,0.06548856548856552
2007-04-20,2.15,2.22,2.11,2.12,21100,20.6,0.004878048780487809
2007-04-23,2.14,2.19,2.07,2.15,18600,20.89,0.014077669902912593
2007-04-24,2.13,2.15,2.06,2.09,6100,20.31,-0.0277644806127334
2007-04-25,2.11,2.18,2.1,2.13,11800,20.7,0.019202363367799125
2007-04-26,2.15,2.17,2.13,2.13,7100,20.7,0.0
2007-04-27,2.12,2.14,2.09,2.11,8500,20.5,-0.009661835748792202
2007-04-30,2.11,2.19,2.1,2.12,8500,20.6,0.004878048780487809
2007-05-01,2.15,2.15,2.1,2.13,5200,20.7,0.004854368932038833
2007-05-02,2.15,2.45,2.15,2.36,39600,22.93,0.10772946859903376
2007-05-03,2.45,2.45,2.22,2.25,12900,21.87,-0.046227649367640566
2007-05-04,2.31,2.31,2.18,2.25,5500,21.87,0.0
2007-05-07,2.23,2.3,2.15,2.17,5700,21.09,-0.03566529492455428
2007-05-08,2.3,2.79,2.24,2.39,167400,23.23,0.10146989094357517
2007-05-09,2.45,2.47,2.25,2.37,37800,23.03,-0.00860955660783469
2007-05-10,2.29,2.36,2.23,2.3,9000,22.35,-0.029526704298740714
2007-05-11,2.3,2.38,2.27,2.3,9900,22.35,0.0
2007-05-14,2.28,2.36,2.25,2.25,11300,21.87,-0.021476510067114152
2007-05-15,2.3,2.3,2.14,2.15,16800,20.89,-0.04481024234110653
2007-05-16,2.12,2.32,2.12,2.24,16400,21.77,0.04212541886069876
2007-05-17,2.25,2.25,2.17,2.18,4200,21.19,-0.02664216812126774
2007-05-18,2.16,2.19,2.1,2.14,19300,20.8,-0.018404907975460127
2007-05-21,2.13,2.13,2.06,2.08,6600,20.21,-0.028365384615384626
2007-05-22,2.12,2.19,2.1,2.14,8000,20.8,0.029193468579910897
2007-05-23,2.14,2.18,2.1,2.11,5700,20.5,-0.014423076923076983
2007-05-24,2.12,2.16,2.07,2.12,8900,20.6,0.004878048780487809
2007-05-25,2.12,2.17,2.06,2.12,5500,20.6,0.0
2007-05-29,2.1,2.18,2.08,2.18,11300,21.19,0.02864077669902909
2007-05-30,2.18,2.18,2.09,2.1,10300,20.41,-0.036809815950920255
2007-05-31,2.08,2.25,2.08,2.22,18500,21.57,0.05683488486036259
2007-06-01,2.25,2.25,2.15,2.17,9700,21.09,-0.022253129346314293
2007-06-04,2.19,2.2,2.16,2.18,12400,21.19,0.004741583688952167
2007-06-05,2.21,2.21,2.1,2.16,10300,20.99,-0.009438414346389923
2007-06-06,2.09,2.11,2.05,2.07,6600,20.12,-0.04144830871843719
2007-06-07,2.07,2.1,1.99,2.1,14800,20.41,0.014413518886679855
2007-06-08,2.08,2.08,1.99,2.07,2600,20.12,-0.014208721215090647
2007-06-11,2.07,2.07,1.99,2.01,6200,19.53,-0.029324055666003934
2007-06-12,1.98,2.05,1.98,2.02,9300,19.63,0.005120327700972815
2007-06-13,2.01,2.17,2.01,2.14,10400,20.8,0.0596026490066226
2007-06-14,2.15,2.34,2.14,2.24,23100,21.77,0.04663461538461533
2007-06-15,2.32,2.38,2.29,2.32,31200,22.55,0.035829122645842926
2007-06-18,2.25,2.38,2.23,2.34,12000,22.74,0.008425720620842458
2007-06-19,2.38,2.43,2.32,2.35,8000,22.84,0.004397537379067895
2007-06-20,2.41,2.41,2.34,2.36,4800,22.93,0.0039404553415061105
2007-06-21,2.34,2.4,2.31,2.37,3100,23.03,0.004361098996947366
2007-06-22,2.34,2.54,2.34,2.43,23400,23.61,0.02518454190186703
2007-06-25,2.43,2.62,2.42,2.54,23900,24.68,0.04531977975434143
2007-06-26,2.53,2.62,2.43,2.5,14900,24.29,-0.015802269043760142
2007-06-27,2.5,2.5,2.33,2.41,6400,23.42,-0.03581720872787142
2007-06-28,2.4,2.48,2.37,2.37,4200,23.03,-0.016652433817250234
2007-06-29,2.4,2.43,2.33,2.33,6700,22.64,-0.0169344333478072
2007-07-02,2.34,2.49,2.34,2.41,11800,23.42,0.03445229681978801
2007-07-03,2.45,2.49,2.42,2.49,10200,24.2,0.033304867634500246
2007-07-05,2.49,2.5,2.42,2.5,6800,24.29,0.0037190082644626976
2007-07-06,2.5,2.68,2.39,2.65,18000,25.75,0.06010703993412925
2007-07-09,2.7,2.93,2.68,2.79,44900,27.11,0.052815533980582474
2007-07-10,2.86,3.0,2.83,2.9,39300,28.18,0.03946883068978235
2007-07-11,2.99,3.0,2.88,2.89,31000,28.08,-0.0035486160397445454
2007-07-12,2.91,2.93,2.85,2.86,16500,27.79,-0.010327635327635254
2007-07-13,2.86,2.86,2.38,2.59,47000,25.17,-0.09427851745232085
2007-07-16,2.65,2.71,2.64,2.66,21000,25.85,0.027016289233214197
2007-07-17,2.69,2.85,2.67,2.7,27000,26.24,0.015087040618955383
2007-07-18,2.7,2.71,2.68,2.7,15200,26.24,0.0
2007-07-19,2.7,2.74,2.68,2.7,12800,26.24,0.0
2007-07-20,2.69,2.7,2.61,2.62,12600,25.46,-0.029725609756097504
2007-07-23,2.6,2.62,2.39,2.61,15200,25.36,-0.00392772977219169
2007-07-24,2.68,2.68,2.26,2.29,51300,22.25,-0.12263406940063093
2007-07-25,2.29,2.29,2.01,2.11,45000,20.5,-0.0786516853932584
2007-07-26,2.08,2.22,2.05,2.22,20600,21.57,0.05219512195121956
2007-07-27,2.18,2.22,2.14,2.16,9900,20.99,-0.026889197960129896
2007-07-30,2.13,2.14,1.98,2.04,24100,19.82,-0.05574082896617427
2007-07-31,2.04,2.05,1.83,1.88,40200,18.27,-0.07820383451059543
2007-08-01,1.86,1.92,1.71,1.91,16600,18.56,0.015873015873015817
2007-08-02,1.95,2.18,1.94,2.18,20300,21.19,0.1417025862068968
2007-08-03,2.2,2.21,2.06,2.1,8800,20.41,-0.036809815950920255
2007-08-06,2.12,2.14,2.02,2.11,9400,20.5,0.004409603135717699
2007-08-07,2.06,2.13,2.02,2.07,6800,20.12,-0.018536585365853564
2007-08-08,2.1,2.22,2.05,2.22,11400,21.57,0.0720675944333995
2007-08-09,2.14,2.14,2.02,2.08,7200,20.21,-0.06305053314789055
2007-08-10,2.0,2.05,1.98,2.0,10400,19.44,-0.038099950519544734
2007-08-13,1.98,2.09,1.97,2.0,6400,19.44,0.0
2007-08-14,2.05,2.12,2.02,2.1,4700,20.41,0.04989711934156382
2007-08-15,2.1,2.1,2.01,2.03,2700,19.73,-0.03331700146986771
2007-08-16,2.0,2.03,1.95,2.03,5600,19.73,0.0
2007-08-17,2.03,2.08,1.97,2.07,5200,20.12,0.01976685250886967
2007-08-20,2.09,2.1,2.02,2.07,8100,20.12,0.0
2007-08-21,2.09,2.09,2.03,2.06,1400,20.02,-0.004970178926441471
2007-08-22,2.1,2.1,2.04,2.06,1800,20.02,0.0
2007-08-23,2.09,2.1,2.03,2.1,4300,20.41,0.01948051948051943
2007-08-24,2.07,2.09,2.04,2.05,3800,19.92,-0.024007839294463373
2007-08-27,2.03,2.1,2.03,2.06,3600,20.02,0.005020080321284981
2007-08-28,2.1,2.1,2.03,2.05,2700,19.92,-0.004995004995004937
2007-08-29,2.09,2.1,2.05,2.07,1200,20.12,0.010040160642570184
2007-08-30,2.06,2.09,2.05,2.09,3000,20.31,0.009443339960238495
2007-08-31,2.1,2.1,2.05,2.05,3100,19.92,-0.019202363367799014
2007-09-04,2.05,2.18,2.05,2.15,12100,20.89,0.0486947791164658
2007-09-05,2.16,2.24,2.14,2.23,3500,21.67,0.03733843944471049
2007-09-06,2.26,2.26,2.16,2.16,4700,20.99,-0.031379787724965524
2007-09-07,2.16,2.2,2.1,2.12,3100,20.6,-0.018580276322057943
2007-09-10,2.12,2.17,2.11,2.15,1600,20.89,0.014077669902912593
2007-09-11,2.15,2.17,2.12,2.12,1100,20.6,-0.013882240306366644
2007-09-12,2.1,2.15,2.07,2.08,4600,20.21,-0.018932038834951537
2007-09-13,2.1,2.1,2.06,2.09,3200,20.31,0.004948045522018774
2007-09-14,2.09,2.12,2.08,2.09,8000,20.31,0.0
2007-09-17,2.1,2.17,2.09,2.09,2200,20.31,0.0
2007-09-18,2.1,2.21,2.08,2.2,3600,21.38,0.052683407188577114
2007-09-19,2.15,2.15,2.09,2.11,5200,20.5,-0.04115996258185217
2007-09-20,2.11,2.11,2.07,2.11,5000,20.5,0.0
2007-09-21,2.1,2.14,2.08,2.14,3400,20.8,0.014634146341463428
2007-09-24,2.12,2.15,2.1,2.11,3500,20.5,-0.014423076923076983
2007-09-25,2.12,2.14,2.1,2.11,4700,20.5,0.0
2007-09-26,2.13,2.13,2.1,2.11,4500,20.5,0.0
2007-09-27,2.11,2.13,2.08,2.09,4900,20.31,-0.009268292682926838
2007-09-28,2.1,2.18,2.1,2.16,5600,20.99,0.03348104382077799
2007-10-01,2.13,2.17,2.13,2.16,4300,20.99,0.0
2007-10-02,2.14,2.17,2.1,2.16,5500,20.99,0.0
2007-10-03,2.16,2.25,2.16,2.16,4400,20.99,0.0
2007-10-04,2.2,2.23,2.19,2.22,3800,21.57,0.027632205812291755
2007-10-05,2.22,2.29,2.17,2.17,7200,21.09,-0.022253129346314293
2007-10-08,2.14,2.2,2.08,2.1,13800,20.41,-0.032242769084874334
2007-10-09,2.13,2.2,2.13,2.16,9900,20.99,0.028417442430181294
2007-10-10,2.15,2.18,2.15,2.16,1900,20.99,0.0
2007-10-11,2.14,2.18,2.14,2.15,3600,20.89,-0.004764173415912287
2007-10-12,2.13,2.21,2.13,2.21,4700,21.48,0.028243178554332227
2007-10-15,2.23,2.27,2.16,2.21,5000,21.48,0.0
2007-10-16,2.18,2.26,2.15,2.16,4500,20.99,-0.02281191806331484
2007-10-17,2.16,2.2,2.15,2.17,6200,21.09,0.004764173415912509
2007-10-18,2.14,2.25,2.07,2.12,2700,20.6,-0.023233760075865306
2007-10-19,2.12,2.17,2.12,2.16,1100,20.99,0.018932038834951204
2007-10-22,2.16,2.2,2.15,2.17,3400,21.09,0.004764173415912509
2007-10-23,2.17,2.22,2.15,2.15,1200,20.89,-0.009483167377904222
2007-10-24,2.14,2.23,2.14,2.22,7400,21.57,0.03255146002872178
2007-10-25,2.2,2.27,2.15,2.26,6600,21.96,0.018080667593880495
2007-10-26,2.3,2.34,2.22,2.33,5100,22.64,0.030965391621129212
2007-10-29,2.33,2.37,2.22,2.3,2400,22.35,-0.012809187279151923
2007-10-30,2.3,2.33,2.26,2.31,1800,22.45,0.004474272930648615
2007-10-31,2.21,2.35,2.15,2.3,3000,22.35,-0.00445434298440972
2007-11-01,2.26,2.35,2.26,2.34,1700,22.74,0.01744966442953011
2007-11-02,2.33,2.33,2.18,2.27,3100,22.06,-0.029903254177660488
2007-11-05,2.25,2.33,2.2,2.2,6400,21.38,-0.030825022665457835
2007-11-06,2.24,2.26,2.21,2.25,10700,21.87,0.022918615528531472
2007-11-07,2.3,2.3,2.02,2.02,16900,19.63,-0.10242341106538644
2007-11-08,2.05,2.05,1.98,2.0,14600,19.44,-0.009679062659195048
2007-11-09,2.02,2.03,1.99,2.03,4900,19.73,0.014917695473251058
2007-11-12,2.06,2.08,2.01,2.03,2400,19.73,0.0
2007-11-13,2.0,2.04,2.0,2.0,2000,19.44,-0.014698428788646689
2007-11-14,1.99,2.01,1.96,2.0,3700,19.44,0.0
2007-11-15,2.05,2.05,1.96,2.0,2600,19.44,0.0
2007-11-16,1.99,2.05,1.96,1.96,1400,19.05,-0.020061728395061706
2007-11-19,1.96,2.01,1.9,1.91,3000,18.56,-0.02572178477690301
2007-11-20,1.9,1.98,1.78,1.8,6700,17.49,-0.057650862068965525
2007-11-21,1.81,1.91,1.59,1.85,12900,17.98,0.028016009148084775
2007-11-23,1.91,2.05,1.9,2.04,2700,19.82,0.1023359288097887
2007-11-26,2.09,2.12,1.82,2.09,7100,20.31,0.02472250252270425
2007-11-27,2.03,2.05,1.95,2.01,3200,19.53,-0.03840472673559814
2007-11-28,1.97,2.07,1.96,2.06,2900,20.02,0.02508960573476693
2007-11-29,2.08,2.12,2.02,2.03,3400,19.73,-0.014485514485514495
2007-11-30,2.09,2.1,1.89,1.89,2400,18.37,-0.06893056259503294
2007-12-03,1.91,1.97,1.81,1.95,5000,18.95,0.0315732172019596
2007-12-04,1.97,2.0,1.85,1.91,1200,18.56,-0.02058047493403692
2007-12-05,1.9,1.9,1.76,1.8,10100,17.49,-0.057650862068965525
2007-12-06,1.77,1.84,1.61,1.73,10300,16.81,-0.03887935963407663
2007-12-07,1.75,1.83,1.7,1.71,5600,16.62,-0.01130279595478867
2007-12-10,1.78,1.97,1.76,1.87,3200,18.17,0.09326113116726842
2007-12-11,1.9,1.9,1.74,1.78,2900,17.3,-0.047881122729774406
2007-12-12,1.78,1.79,1.7,1.76,2900,17.1,-0.011560693641618491
2007-12-13,1.75,1.8,1.63,1.65,6600,16.03,-0.06257309941520472
2007-12-14,1.67,1.72,1.65,1.7,7200,16.52,0.03056768558951961
2007-12-17,1.72,1.72,1.64,1.64,5200,15.94,-0.03510895883777243
2007-12-18,1.72,1.72,1.55,1.59,7700,15.45,-0.03074027603513174
2007-12-19,1.56,1.62,1.55,1.57,8100,15.26,-0.01229773462783168
2007-12-20,1.6,1.74,1.6,1.65,1100,16.03,0.050458715596330306
2007-12-21,1.72,1.72,1.66,1.7,3200,16.52,0.03056768558951961
2007-12-24,1.7,1.75,1.7,1.73,2900,16.81,0.017554479418886215
2007-12-26,1.71,1.84,1.71,1.83,6500,17.78,0.057703747769185076
2007-12-27,1.79,1.83,1.71,1.76,8200,17.1,-0.038245219347581516
2007-12-28,1.74,1.84,1.72,1.83,4000,17.78,0.039766081871345005
2007-12-31,1.77,1.83,1.76,1.83,6200,17.78,0.0
2008-01-02,1.8,2.1,1.8,2.1,14300,20.41,0.14791901012373443
2008-01-03,2.06,2.06,1.96,2.05,3100,19.92,-0.024007839294463373
2008-01-04,1.93,1.98,1.84,1.89,5200,18.37,-0.07781124497991976
2008-01-07,1.87,1.91,1.82,1.86,1800,18.08,-0.015786608600980023
2008-01-08,1.86,2.08,1.83,1.96,5400,19.05,0.053650442477876314
2008-01-09,1.97,2.09,1.87,2.05,4600,19.92,0.045669291338582774
2008-01-10,2.0,2.01,1.91,1.98,1200,19.24,-0.03413654618473916
2008-01-11,1.97,2.04,1.96,2.01,1200,19.53,0.015072765072765115
2008-01-14,1.99,2.01,1.81,1.87,4800,18.17,-0.06963645673323093
2008-01-15,1.89,1.96,1.82,1.84,1200,17.88,-0.015960374243258246
2008-01-16,1.8,1.81,1.7,1.73,9300,16.81,-0.05984340044742731
2008-01-17,1.71,1.75,1.7,1.7,1400,16.52,-0.017251635930993436
2008-01-18,1.7,1.7,1.62,1.68,4300,16.33,-0.011501210653753091
2008-01-22,1.6,1.63,1.55,1.62,7200,15.74,-0.03612982241273721
2008-01-23,1.57,1.69,1.57,1.64,4500,15.94,0.01270648030495547
2008-01-24,1.65,1.87,1.65,1.81,4300,17.59,0.10351317440401497
2008-01-25,1.87,1.87,1.8,1.84,1300,17.88,0.01648664013644119
2008-01-28,1.81,1.86,1.65,1.84,400,17.88,0.0
2008-01-29,1.72,1.82,1.66,1.71,1700,16.62,-0.07046979865771796
2008-01-30,1.67,1.96,1.65,1.89,12700,18.37,0.1052948255114321
2008-01-31,1.97,1.97,1.77,1.88,300,18.27,-0.00544365813826897
2008-02-01,1.81,1.83,1.71,1.82,600,17.69,-0.03174603174603163
2008-02-04,1.79,1.85,1.79,1.8,1100,17.49,-0.011305822498586915
2008-02-05,1.82,1.87,1.82,1.85,2900,17.98,0.028016009148084775
2008-02-06,1.73,1.8,1.73,1.78,1000,17.3,-0.03781979977753058
2008-02-07,1.77,1.86,1.75,1.79,3700,17.4,0.005780346820809079
2008-02-08,1.82,1.86,1.75,1.81,3100,17.59,0.010919540229885172
2008-02-11,1.78,1.82,1.73,1.76,4700,17.1,-0.027856736782262526
2008-02-12,1.74,1.85,1.74,1.79,1800,17.4,0.01754385964912264
2008-02-13,1.75,1.81,1.74,1.8,4000,17.49,0.005172413793103514
2008-02-14,1.78,1.82,1.75,1.8,1800,17.49,0.0
2008-02-15,1.76,1.86,1.6,1.79,2100,17.4,-0.005145797598627766
2008-02-19,1.82,1.83,1.66,1.81,8600,17.59,0.010919540229885172
2008-02-20,1.69,1.78,1.68,1.75,2400,17.01,-0.032973280272882266
2008-02-21,1.75,1.83,1.72,1.8,4600,17.49,0.02821869488536133
2008-02-22,1.76,1.84,1.64,1.74,2100,16.91,-0.03316180674671232
2008-02-25,1.74,1.83,1.73,1.8,10500,17.49,0.0342992312241277
2008-02-26,1.6,1.76,1.59,1.68,13900,16.33,-0.06632361349342486
2008-02-27,1.68,1.68,1.64,1.67,1400,16.23,-0.006123698714023185
2008-02-28,1.62,1.67,1.59,1.65,2600,16.03,-0.012322858903265566
2008-02-29,1.61,1.61,1.45,1.48,5000,14.38,-0.1029320024953213
2008-03-03,1.5,1.98,1.5,1.81,16500,17.59,0.22322670375521558
2008-03-04,1.78,1.78,1.61,1.64,1400,15.94,-0.09380329732802728
2008-03-05,1.62,1.69,1.61,1.66,4100,16.13,0.011919698870765272
2008-03-06,1.64,1.67,1.57,1.59,2900,15.45,-0.042157470551766885
2008-03-07,1.61,1.64,1.49,1.51,2800,14.67,-0.05048543689320384
2008-03-10,1.48,1.64,1.48,1.55,1700,15.06,0.026584867075664764
2008-03-11,1.58,1.58,1.47,1.5,3600,14.58,-0.031872509960159445
2008-03-12,1.47,1.6,1.47,1.5,1900,14.58,0.0
2008-03-13,1.54,1.55,1.48,1.48,400,14.38,-0.013717421124828433
2008-03-14,1.5,1.5,1.41,1.43,2000,13.9,-0.033379694019471495
2008-03-17,1.48,1.48,1.37,1.37,600,13.31,-0.04244604316546763
2008-03-18,1.4,1.47,1.35,1.41,2300,13.7,0.029301277235161516
2008-03-19,1.37,1.37,1.3,1.32,3000,12.83,-0.06350364963503641
2008-03-20,1.29,1.38,1.22,1.33,2100,12.92,0.0070148090413093556
2008-03-24,1.34,1.42,1.26,1.32,2300,12.83,-0.00696594427244579
2008-03-25,1.3,1.3,1.3,1.3,100,12.63,-0.015588464536243074
2008-03-26,1.3,1.35,1.29,1.35,8900,13.12,0.0387965162311954
2008-03-27,1.3,1.6,1.3,1.35,9000,13.12,0.0
2008-03-28,1.38,1.6,1.35,1.6,3700,15.55,0.18521341463414642
2008-03-31,1.6,1.6,1.42,1.59,1600,15.45,-0.006430868167202619
2008-04-01,1.51,1.58,1.49,1.52,1600,14.77,-0.0440129449838188
2008-04-02,1.44,1.58,1.43,1.43,2500,13.9,-0.05890318212593093
2008-04-03,1.42,1.49,1.25,1.3,17600,12.63,-0.09136690647482015
2008-04-04,1.5,1.5,1.35,1.4,500,13.61,0.07759303246239102
2008-04-07,1.34,1.48,1.34,1.43,1600,13.9,0.021307861866274758
2008-04-08,1.43,1.43,1.39,1.42,900,13.8,-0.007194244604316502
2008-04-09,1.42,1.48,1.37,1.42,1400,13.8,0.0
2008-04-10,1.43,1.43,1.39,1.42,400,13.8,0.0
2008-04-11,1.42,1.42,1.39,1.42,500,13.8,0.0
2008-04-14,1.45,1.46,1.36,1.37,800,13.31,-0.035507246376811574
2008-04-15,1.4,1.41,1.39,1.39,0,13.51,0.015026296018031404
2008-04-16,1.45,1.45,1.37,1.44,1300,13.99,0.0355292376017764
2008-04-17,1.48,1.48,1.36,1.4,700,13.61,-0.027162258756254554
2008-04-18,1.36,1.4,1.31,1.4,4500,13.61,0.0
2008-04-21,1.45,1.45,1.35,1.35,500,13.12,-0.036002939015429836
2008-04-22,1.4,1.45,1.4,1.45,300,14.09,0.07393292682926833
2008-04-23,1.4,1.45,1.4,1.41,500,13.7,-0.0276792051100071
2008-04-24,1.43,1.49,1.4,1.4,3000,13.61,-0.006569343065693456
2008-04-25,1.36,1.48,1.36,1.48,800,14.38,0.0565760470242469
2008-04-28,1.49,1.58,1.45,1.52,3700,14.77,0.02712100139082052
2008-04-29,1.51,1.51,1.45,1.5,1800,14.58,-0.012863913337846977
2008-04-30,1.5,1.59,1.47,1.59,3400,15.45,0.05967078189300401
2008-05-01,1.56,1.6,1.51,1.6,2300,15.55,0.006472491909385258
2008-05-02,1.6,1.6,1.52,1.54,4900,14.97,-0.03729903536977497
2008-05-05,1.56,1.57,1.54,1.55,1500,15.06,0.006012024048096087
2008-05-06,1.55,1.6,1.53,1.58,7500,15.35,0.019256308100929598
2008-05-07,1.57,1.58,1.53,1.55,900,15.06,-0.01889250814332244
2008-05-08,1.58,1.58,1.54,1.57,2100,15.26,0.013280212483399723
2008-05-09,1.57,1.58,1.55,1.56,900,15.16,-0.006553079947575369
2008-05-12,1.59,1.6,1.5,1.5,5400,14.58,-0.03825857519788922
2008-05-13,1.5,1.5,1.41,1.45,4900,14.09,-0.033607681755829955
2008-05-14,1.46,1.51,1.44,1.45,1800,14.09,0.0
2008-05-15,1.45,1.45,1.4,1.42,600,13.8,-0.020581973030518008
2008-05-16,1.45,1.51,1.43,1.46,3800,14.19,0.02826086956521734
2008-05-19,1.46,1.55,1.46,1.51,2700,14.67,0.03382663847780121
2008-05-20,1.52,1.56,1.42,1.45,2800,14.09,-0.039536468984321727
2008-05-21,1.48,1.55,1.39,1.5,2800,14.58,0.03477643718949608
2008-05-22,1.46,1.52,1.33,1.43,5600,13.9,-0.04663923182441698
2008-05-23,1.38,1.41,1.3,1.39,1400,13.51,-0.028057553956834624
2008-05-27,1.39,1.42,1.37,1.39,200,13.51,0.0
2008-05-28,1.36,1.46,1.25,1.44,2100,13.99,0.0355292376017764
2008-05-29,1.33,1.44,1.33,1.37,700,13.31,-0.04860614724803425
2008-05-30,1.38,1.4,1.37,1.37,1100,13.31,0.0
2008-06-02,1.37,1.46,1.34,1.45,4200,14.09,0.05860255447032303
2008-06-03,1.41,1.41,1.35,1.4,1100,13.61,-0.03406671398154726
2008-06-04,1.44,1.44,1.35,1.37,1300,13.31,-0.02204261572373245
2008-06-05,1.34,1.44,1.33,1.38,500,13.41,0.007513148009015813
2008-06-06,1.38,1.38,1.27,1.32,6300,12.83,-0.04325130499627139
2008-06-09,1.35,1.42,1.33,1.34,400,13.02,0.014809041309431059
2008-06-10,1.38,1.4,1.33,1.39,800,13.51,0.037634408602150504
2008-06-11,1.4,1.44,1.34,1.34,500,13.02,-0.03626943005181349
2008-06-12,1.41,1.44,1.31,1.34,700,13.02,0.0
2008-06-13,1.3,1.42,1.26,1.4,3500,13.61,0.04531490015360973
2008-06-16,1.42,1.42,1.26,1.35,1200,13.12,-0.036002939015429836
2008-06-17,1.33,1.41,1.33,1.4,1100,13.61,0.03734756097560976
2008-06-18,1.39,1.42,1.31,1.42,700,13.8,0.013960323291697385
2008-06-19,1.41,1.45,1.39,1.39,2200,13.51,-0.021014492753623215
2008-06-20,1.33,1.38,1.28,1.28,1700,12.44,-0.07920059215396003
2008-06-23,1.3,1.35,1.28,1.3,3900,12.63,0.015273311897106234
2008-06-24,1.28,1.28,1.26,1.27,3800,12.34,-0.022961203483768844
2008-06-25,1.3,1.3,1.25,1.26,7800,12.24,-0.008103727714748765
2008-06-26,1.27,1.29,1.2,1.24,3800,12.05,-0.015522875816993409
2008-06-27,1.2,1.25,1.2,1.24,2700,12.05,0.0
2008-06-30,1.22,1.23,1.19,1.2,1400,11.66,-0.032365145228215764
2008-07-01,1.2,1.22,1.15,1.17,2400,11.37,-0.02487135506003435
2008-07-02,1.16,1.17,1.07,1.07,9400,10.4,-0.08531222515391368
2008-07-03,1.11,1.15,1.06,1.07,2600,10.4,0.0
2008-07-07,1.1,1.13,1.06,1.09,2800,10.59,0.018269230769230704
2008-07-08,1.09,1.23,1.02,1.23,15500,11.95,0.12842304060434362
2008-07-09,1.23,1.23,1.05,1.11,11400,10.79,-0.09707112970711296
2008-07-10,1.06,1.24,1.06,1.13,4500,10.98,0.017608897126969447
2008-07-11,1.13,1.14,1.04,1.11,2600,10.79,-0.01730418943533707
2008-07-14,1.09,1.1,1.04,1.07,2700,10.4,-0.036144578313252906
2008-07-15,1.07,1.13,1.05,1.08,2100,10.5,0.009615384615384581
2008-07-16,1.08,1.15,1.08,1.15,3500,11.18,0.0647619047619048
2008-07-17,1.16,1.2,1.04,1.08,9600,10.5,-0.06082289803220031
2008-07-18,1.07,1.17,1.05,1.17,3300,11.37,0.08285714285714274
2008-07-21,1.14,1.17,1.08,1.1,700,10.69,-0.059806508355320975
2008-07-22,1.05,1.11,1.05,1.09,1300,10.59,-0.009354536950420878
2008-07-23,1.1,1.15,1.06,1.12,4400,10.88,0.02738432483474984
2008-07-24,1.15,1.16,1.08,1.08,500,10.5,-0.03492647058823539
2008-07-25,1.08,1.14,1.04,1.07,2800,10.4,-0.00952380952380949
2008-07-28,1.07,1.07,1.01,1.05,8900,10.2,-0.019230769230769384
2008-07-29,1.08,1.08,1.0,1.04,1300,10.11,-0.008823529411764675
2008-07-30,1.08,1.08,1.01,1.06,1400,10.3,0.018793273986152492
2008-07-31,1.05,1.08,1.0,1.05,6800,10.2,-0.009708737864077777
2008-08-01,1.06,1.08,1.05,1.07,600,10.4,0.019607843137255054
2008-08-04,1.02,1.02,1.01,1.02,3700,9.91,-0.04711538461538467
2008-08-05,1.04,1.04,1.0,1.02,3000,9.91,0.0
2008-08-06,1.04,1.04,1.0,1.03,600,10.01,0.010090817356205761
2008-08-07,1.03,1.04,1.0,1.01,8400,9.82,-0.018981018981018893
2008-08-08,1.01,1.02,0.93,1.02,8900,9.91,0.009164969450101923
2008-08-11,1.04,1.04,0.93,0.94,11400,9.13,-0.07870837537840558
2008-08-12,0.96,1.04,0.94,0.95,4400,9.23,0.010952902519167473
2008-08-13,1.03,1.04,0.97,0.99,1200,9.62,0.04225352112676051
2008-08-14,0.97,0.99,0.96,0.96,1500,9.33,-0.03014553014553001
2008-08-15,0.99,1.05,0.95,0.95,2400,9.23,-0.010718113612004254
2008-08-18,1.0,1.0,0.95,0.95,800,9.23,0.0
2008-08-19,0.97,0.97,0.95,0.95,800,9.23,0.0
2008-08-20,0.95,0.97,0.95,0.96,2200,9.33,0.010834236186348933
2008-08-21,0.95,1.04,0.94,0.96,1600,9.33,0.0
2008-08-22,0.97,1.01,0.94,1.0,800,9.72,0.04180064308681675
2008-08-25,1.0,1.02,0.94,0.94,3400,9.13,-0.06069958847736623
2008-08-26,0.95,1.01,0.95,1.01,1500,9.82,0.07557502738225619
2008-08-27,1.03,1.03,1.0,1.01,400,9.82,0.0
2008-08-28,1.04,1.04,0.96,0.99,200,9.62,-0.020366598778004175
2008-08-29,1.0,1.0,0.96,0.96,1300,9.33,-0.03014553014553001
2008-09-02,1.0,1.05,0.96,0.99,100,9.62,0.03108252947481227
2008-09-03,0.96,0.99,0.95,0.96,1300,9.33,-0.03014553014553001
2008-09-04,0.97,0.98,0.96,0.97,200,9.43,0.010718113612004254
2008-09-05,0.97,0.98,0.93,0.95,4000,9.23,-0.02120890774125128
2008-09-08,0.95,0.96,0.94,0.95,1500,9.23,0.0
2008-09-09,0.93,0.94,0.93,0.94,1800,9.13,-0.010834236186348822
2008-09-10,0.93,0.95,0.93,0.95,1100,9.23,0.010952902519167473
2008-09-11,0.94,0.98,0.93,0.98,2600,9.52,0.031419284940411574
2008-09-12,0.93,0.99,0.93,0.95,2500,9.23,-0.03046218487394947
2008-09-15,0.95,0.95,0.93,0.93,1600,9.04,-0.020585048754062973
2008-09-16,0.91,0.92,0.74,0.83,2800,8.07,-0.10730088495575207
2008-09-17,0.8,0.84,0.7,0.8,8900,7.77,-0.0371747211895912
2008-09-18,0.8,0.8,0.75,0.77,600,7.48,-0.03732303732303721
2008-09-19,1.0,1.0,0.73,0.73,7100,7.09,-0.05213903743315518
2008-09-22,0.75,0.79,0.71,0.73,4600,7.09,0.0
2008-09-23,0.82,0.82,0.73,0.75,1400,7.29,0.028208744710860323
2008-09-24,0.8,0.8,0.71,0.71,2100,6.9,-0.053497942386831254
2008-09-25,0.71,0.72,0.67,0.68,4600,6.61,-0.04202898550724643
2008-09-26,0.68,0.72,0.67,0.68,6200,6.61,0.0
2008-09-29,0.71,0.71,0.51,0.69,2400,6.71,0.015128593040847127
2008-09-30,0.66,0.69,0.63,0.65,3800,6.32,-0.058122205663189264
2008-10-01,0.68,0.68,0.61,0.61,1800,5.93,-0.06170886075949378
2008-10-02,0.68,0.68,0.59,0.59,2800,5.73,-0.03372681281618872
2008-10-03,0.59,0.6,0.53,0.54,3200,5.25,-0.08376963350785349
2008-10-06,0.6,0.6,0.52,0.53,6800,5.15,-0.01904761904761898
2008-10-07,0.56,0.59,0.52,0.52,4000,5.05,-0.019417475728155442
2008-10-08,0.55,0.55,0.52,0.52,2600,5.05,0.0
2008-10-09,0.55,0.55,0.42,0.43,7800,4.18,-0.17227722772277232
2008-10-10,0.4,0.5,0.37,0.42,11100,4.08,-0.023923444976076458
2008-10-13,0.44,0.48,0.37,0.37,15100,3.6,-0.11764705882352944
2008-10-14,0.54,0.55,0.45,0.48,41200,4.66,0.2944444444444445
2008-10-15,0.53,0.55,0.45,0.48,14500,4.66,0.0
2008-10-16,0.5,0.5,0.47,0.48,1600,4.66,0.0
2008-10-17,0.5,0.5,0.47,0.49,4300,4.76,0.02145922746781115
2008-10-20,0.5,0.51,0.48,0.49,18200,4.76,0.0
2008-10-21,0.5,0.5,0.48,0.48,10500,4.66,-0.021008403361344463
2008-10-22,0.5,0.5,0.4,0.47,2400,4.57,-0.01931330472102999
2008-10-23,0.5,0.5,0.45,0.45,1600,4.37,-0.043763676148796504
2008-10-24,0.45,0.45,0.43,0.45,1000,4.37,0.0
2008-10-27,0.49,0.49,0.44,0.44,3900,4.28,-0.020594965675057142
2008-10-28,0.46,0.46,0.41,0.43,3700,4.18,-0.02336448598130858
2008-10-29,0.41,0.45,0.41,0.42,900,4.08,-0.023923444976076458
2008-10-30,0.43,0.44,0.4,0.42,1800,4.08,0.0
2008-10-31,0.37,0.44,0.31,0.36,31400,3.5,-0.1421568627450981
2008-11-03,0.39,0.4,0.39,0.39,6300,3.79,0.08285714285714296
2008-11-04,0.49,0.49,0.44,0.44,15600,4.28,0.1292875989445912
2008-11-05,0.44,0.45,0.42,0.43,3400,4.18,-0.02336448598130858
2008-11-06,0.42,0.46,0.42,0.44,2000,4.28,0.02392344497607679
2008-11-07,0.45,0.48,0.44,0.44,8100,4.28,0.0
2008-11-10,0.45,0.45,0.31,0.33,20800,3.21,-0.25
2008-11-11,0.31,0.33,0.29,0.3,19400,2.92,-0.09034267912772587
2008-11-12,0.31,0.31,0.18,0.18,27900,1.75,-0.40068493150684925
2008-11-13,0.25,0.28,0.21,0.27,44300,2.62,0.4971428571428571
2008-11-14,0.31,0.33,0.3,0.31,25800,3.01,0.14885496183206093
2008-11-17,0.31,0.32,0.27,0.29,24200,2.82,-0.06312292358803984
2008-11-18,0.33,0.33,0.3,0.3,3600,2.92,0.03546099290780136
2008-11-19,0.34,0.35,0.3,0.3,12200,2.92,0.0
2008-11-20,0.28,0.28,0.27,0.27,1200,2.62,-0.10273972602739723
2008-11-21,0.26,0.33,0.26,0.28,1300,2.72,0.03816793893129766
2008-11-24,0.29,0.29,0.26,0.27,9700,2.62,-0.03676470588235292
2008-11-25,0.28,0.28,0.21,0.21,30400,2.04,-0.22137404580152675
2008-11-26,0.38,0.38,0.25,0.28,16600,2.72,0.3333333333333335
2008-11-28,0.37,0.37,0.28,0.29,7800,2.82,0.03676470588235281
2008-12-01,0.3,0.32,0.29,0.3,13900,2.92,0.03546099290780136
2008-12-02,0.29,0.3,0.29,0.29,1700,2.82,-0.03424657534246578
2008-12-03,0.29,0.29,0.26,0.26,7400,2.53,-0.1028368794326241
2008-12-04,0.25,0.26,0.25,0.26,2000,2.53,0.0
2008-12-05,0.27,0.3,0.25,0.27,47000,2.62,0.035573122529644285
2008-12-08,0.3,0.31,0.25,0.28,29300,2.72,0.03816793893129766
2008-12-09,0.26,0.28,0.25,0.26,8100,2.53,-0.06985294117647067
2008-12-10,0.25,0.29,0.25,0.26,10100,2.53,0.0
2008-12-11,0.26,0.29,0.26,0.26,28900,2.53,0.0
2008-12-12,0.3,0.3,0.26,0.26,19000,2.53,0.0
2008-12-15,0.28,0.28,0.25,0.25,6500,2.43,-0.039525691699604626
2008-12-16,0.25,0.28,0.24,0.24,15500,2.33,-0.04115226337448563
2008-12-17,0.25,0.28,0.25,0.25,24200,2.43,0.0429184549356223
2008-12-18,0.27,0.27,0.25,0.27,12700,2.62,0.07818930041152261
2008-12-19,0.28,0.28,0.25,0.26,13700,2.53,-0.03435114503816805
2008-12-22,0.27,0.28,0.25,0.25,7000,2.43,-0.039525691699604626
2008-12-23,0.26,0.27,0.25,0.25,4100,2.43,0.0
2008-12-24,0.25,0.25,0.24,0.25,2400,2.43,0.0
2008-12-26,0.25,0.26,0.24,0.25,9800,2.43,0.0
2008-12-29,0.25,0.26,0.23,0.23,10200,2.24,-0.07818930041152261
2008-12-30,0.24,0.26,0.24,0.24,8500,2.33,0.0401785714285714
2008-12-31,0.25,0.25,0.23,0.25,14900,2.43,0.0429184549356223
2009-01-02,0.26,0.26,0.2,0.24,28200,2.33,-0.04115226337448563
2009-01-05,0.24,0.27,0.24,0.25,11200,2.43,0.0429184549356223
2009-01-06,0.26,0.28,0.26,0.27,11500,2.62,0.07818930041152261
2009-01-07,0.28,0.28,0.26,0.28,5300,2.72,0.03816793893129766
2009-01-08,0.28,0.36,0.28,0.33,26400,3.21,0.18014705882352922
2009-01-09,0.34,0.35,0.31,0.35,10500,3.4,0.05919003115264787
2009-01-12,0.39,0.39,0.32,0.32,7000,3.11,-0.08529411764705885
2009-01-13,0.3,0.34,0.3,0.34,4300,3.3,0.06109324758842449
2009-01-14,0.34,0.34,0.3,0.31,4400,3.01,-0.08787878787878789
2009-01-15,0.3,0.31,0.3,0.3,2700,2.92,-0.029900332225913595
2009-01-16,0.3,0.31,0.3,0.31,1800,3.01,0.03082191780821919
2009-01-20,0.34,0.34,0.29,0.29,2800,2.82,-0.06312292358803984
2009-01-21,0.29,0.29,0.27,0.28,5600,2.72,-0.03546099290780125
2009-01-22,0.28,0.3,0.27,0.27,700,2.62,-0.03676470588235292
2009-01-23,0.34,0.34,0.26,0.3,1900,2.92,0.11450381679389299
2009-01-26,0.3,0.3,0.27,0.27,1700,2.62,-0.10273972602739723
2009-01-27,0.3,0.3,0.27,0.27,800,2.62,0.0
2009-01-28,0.32,0.32,0.27,0.3,1700,2.92,0.11450381679389299
2009-01-29,0.3,0.31,0.28,0.3,1600,2.92,0.0
2009-01-30,0.3,0.3,0.27,0.27,1700,2.62,-0.10273972602739723
2009-02-02,0.28,0.31,0.28,0.3,1800,2.92,0.11450381679389299
2009-02-03,0.29,0.3,0.27,0.29,3900,2.82,-0.03424657534246578
2009-02-04,0.29,0.3,0.28,0.28,800,2.72,-0.03546099290780125
2009-02-05,0.28,0.29,0.27,0.28,1800,2.72,0.0
2009-02-06,0.3,0.3,0.27,0.28,1300,2.72,0.0
2009-02-09,0.28,0.3,0.28,0.3,2100,2.92,0.07352941176470584
2009-02-10,0.3,0.3,0.26,0.27,5100,2.62,-0.10273972602739723
2009-02-11,0.26,0.28,0.26,0.27,300,2.62,0.0
2009-02-12,0.28,0.3,0.28,0.28,4100,2.72,0.03816793893129766
2009-02-13,0.29,0.29,0.27,0.28,1100,2.72,0.0
2009-02-17,0.28,0.28,0.25,0.27,3900,2.62,-0.03676470588235292
2009-02-18,0.27,0.27,0.26,0.27,400,2.62,0.0
2009-02-19,0.25,0.26,0.25,0.26,1000,2.53,-0.03435114503816805
2009-02-20,0.26,0.26,0.19,0.2,16400,1.94,-0.23320158102766797
2009-02-23,0.21,0.26,0.21,0.25,6400,2.43,0.2525773195876291
2009-02-24,0.25,0.25,0.23,0.24,2900,2.33,-0.04115226337448563
2009-02-25,0.25,0.26,0.23,0.24,3700,2.33,0.0
2009-02-26,0.23,0.24,0.2,0.21,12800,2.04,-0.12446351931330468
2009-02-27,0.2,0.22,0.18,0.2,24400,1.94,-0.0490196078431373
2009-03-02,0.22,0.25,0.2,0.2,14700,1.94,0.0
2009-03-03,0.2,0.23,0.2,0.23,2000,2.24,0.15463917525773208
2009-03-04,0.23,0.24,0.2,0.21,4100,2.04,-0.0892857142857143
2009-03-05,0.2,0.22,0.2,0.22,1200,2.14,0.0490196078431373
2009-03-06,0.23,0.23,0.17,0.18,8900,1.75,-0.18224299065420568
2009-03-09,0.21,0.21,0.17,0.17,9800,1.65,-0.05714285714285716
2009-03-10,0.21,0.21,0.17,0.19,10600,1.85,0.12121212121212133
2009-03-11,0.2,0.2,0.18,0.2,4100,1.94,0.048648648648648596
2009-03-12,0.2,0.23,0.18,0.2,7800,1.94,0.0
2009-03-13,0.22,0.23,0.2,0.23,19800,2.24,0.15463917525773208
2009-03-16,0.24,0.25,0.2,0.24,14600,2.33,0.0401785714285714
2009-03-17,0.25,0.25,0.2,0.23,8600,2.24,-0.03862660944205998
2009-03-18,0.24,0.25,0.23,0.25,1800,2.43,0.0848214285714286
2009-03-19,0.25,0.26,0.24,0.25,2900,2.43,0.0
2009-03-20,0.25,0.26,0.24,0.25,4500,2.43,0.0
2009-03-23,0.26,0.26,0.23,0.26,8500,2.53,0.04115226337448541
2009-03-24,0.24,0.26,0.23,0.25,4000,2.43,-0.039525691699604626
2009-03-25,0.24,0.26,0.24,0.24,9700,2.33,-0.04115226337448563
2009-03-26,0.24,0.25,0.24,0.25,12900,2.43,0.0429184549356223
2009-03-27,0.26,0.26,0.24,0.26,2100,2.53,0.04115226337448541
2009-03-30,0.26,0.26,0.24,0.24,5600,2.33,-0.07905138339920936
2009-03-31,0.26,0.26,0.24,0.24,400,2.33,0.0
2009-04-01,0.26,0.26,0.24,0.24,2400,2.33,0.0
2009-04-02,0.25,0.29,0.25,0.28,6000,2.72,0.1673819742489271
2009-04-03,0.26,0.28,0.26,0.27,1600,2.62,-0.03676470588235292
2009-04-06,0.26,0.28,0.24,0.26,2400,2.53,-0.03435114503816805
2009-04-07,0.28,0.28,0.25,0.28,1600,2.72,0.07509881422924924
2009-04-08,0.26,0.27,0.26,0.26,600,2.53,-0.06985294117647067
2009-04-09,0.28,0.28,0.26,0.27,3500,2.62,0.035573122529644285
2009-04-13,0.27,0.27,0.26,0.26,3200,2.53,-0.03435114503816805
2009-04-14,0.24,0.27,0.24,0.25,4300,2.43,-0.039525691699604626
2009-04-15,0.25,0.27,0.25,0.26,1400,2.53,0.04115226337448541
2009-04-16,0.26,0.27,0.25,0.26,800,2.53,0.0
2009-04-17,0.24,0.27,0.24,0.27,1700,2.62,0.035573122529644285
2009-04-20,0.24,0.27,0.24,0.27,2500,2.62,0.0
2009-04-21,0.27,0.27,0.25,0.26,1700,2.53,-0.03435114503816805
2009-04-22,0.25,0.27,0.25,0.26,3300,2.53,0.0
2009-04-23,0.27,0.27,0.26,0.26,3600,2.53,0.0
2009-04-24,0.27,0.29,0.26,0.29,7200,2.82,0.11462450592885376
2009-04-27,0.29,0.3,0.26,0.27,3200,2.62,-0.07092198581560272
2009-04-28,0.28,0.43,0.28,0.42,30000,4.08,0.5572519083969465
2009-04-29,0.43,0.59,0.39,0.4,41100,3.89,-0.04656862745098034
2009-04-30,0.39,0.48,0.39,0.41,13200,3.98,0.023136246786632286
2009-05-01,0.43,0.47,0.42,0.45,5000,4.37,0.09798994974874375
2009-05-04,0.46,0.48,0.45,0.48,12800,4.66,0.06636155606407312
2009-05-05,0.5,0.5,0.46,0.46,5400,4.47,-0.04077253218884125
2009-05-06,0.42,0.45,0.4,0.41,3900,3.98,-0.10961968680089484
2009-05-07,0.42,0.44,0.41,0.41,4400,3.98,0.0
2009-05-08,0.39,0.41,0.38,0.41,5200,3.98,0.0
2009-05-11,0.44,0.44,0.37,0.37,4500,3.6,-0.09547738693467334
2009-05-12,0.42,0.42,0.37,0.4,3800,3.89,0.08055555555555549
2009-05-13,0.4,0.42,0.38,0.38,2300,3.69,-0.05141388174807204
2009-05-14,0.37,0.39,0.37,0.39,900,3.79,0.027100271002709952
2009-05-15,0.38,0.38,0.37,0.37,800,3.6,-0.05013192612137207
2009-05-18,0.38,0.4,0.35,0.35,3900,3.4,-0.05555555555555558
2009-05-19,0.37,0.37,0.34,0.36,1800,3.5,0.02941176470588247
2009-05-20,0.39,0.39,0.38,0.39,1600,3.79,0.08285714285714296
2009-05-21,0.35,0.35,0.34,0.35,2700,3.4,-0.1029023746701847
2009-05-22,0.35,0.38,0.35,0.38,1400,3.69,0.08529411764705874
2009-05-26,0.33,0.38,0.33,0.36,2900,3.5,-0.051490514905149
2009-05-27,0.38,0.38,0.35,0.35,3100,3.4,-0.02857142857142858
2009-05-28,0.35,0.36,0.35,0.35,300,3.4,0.0
2009-05-29,0.36,0.39,0.35,0.39,2400,3.79,0.11470588235294121
2009-06-01,0.35,0.39,0.35,0.39,3900,3.79,0.0
2009-06-02,0.37,0.41,0.37,0.39,2200,3.79,0.0
2009-06-03,0.38,0.41,0.38,0.39,1900,3.79,0.0
2009-06-04,0.42,0.42,0.4,0.4,1800,3.89,0.02638522427440626
2009-06-05,0.4,0.45,0.38,0.42,5400,4.08,0.04884318766066831
2009-06-08,0.41,0.43,0.41,0.43,500,4.18,0.02450980392156854
2009-06-09,0.42,0.43,0.41,0.42,3000,4.08,-0.023923444976076458
2009-06-10,0.43,0.5,0.42,0.49,8100,4.76,0.16666666666666652
2009-06-11,0.5,0.5,0.46,0.47,3200,4.57,-0.03991596638655448
2009-06-12,0.48,0.48,0.47,0.48,2000,4.66,0.01969365426695835
2009-06-15,0.42,0.5,0.42,0.46,9600,4.47,-0.04077253218884125
2009-06-16,0.45,0.47,0.4,0.42,900,4.08,-0.08724832214765099
2009-06-17,0.44,0.45,0.42,0.43,500,4.18,0.02450980392156854
2009-06-18,0.43,0.44,0.43,0.43,100,4.18,0.0
2009-06-19,0.41,0.42,0.4,0.42,2000,4.08,-0.023923444976076458
2009-06-22,0.41,0.42,0.38,0.38,2000,3.69,-0.09558823529411764
2009-06-23,0.38,0.39,0.37,0.38,2000,3.69,0.0
2009-06-24,0.39,0.39,0.37,0.37,800,3.6,-0.024390243902438935
2009-06-25,0.37,0.4,0.36,0.37,6700,3.6,0.0
2009-06-26,0.36,0.38,0.36,0.38,6000,3.69,0.02499999999999991
2009-06-29,0.37,0.38,0.36,0.36,3700,3.5,-0.051490514905149
2009-06-30,0.37,0.37,0.36,0.37,2400,3.6,0.028571428571428692
2009-07-01,0.37,0.39,0.37,0.39,2500,3.79,0.05277777777777781
2009-07-02,0.38,0.38,0.32,0.35,18300,3.4,-0.1029023746701847
2009-07-06,0.35,0.35,0.33,0.33,2400,3.21,-0.055882352941176494
2009-07-07,0.33,0.35,0.32,0.32,1400,3.11,-0.031152647975077885
2009-07-08,0.32,0.33,0.32,0.32,4500,3.11,0.0
2009-07-09,0.33,0.36,0.32,0.36,4300,3.5,0.12540192926045024
2009-07-10,0.36,0.37,0.36,0.37,600,3.6,0.028571428571428692
2009-07-13,0.35,0.35,0.34,0.34,500,3.3,-0.08333333333333337
2009-07-14,0.34,0.38,0.34,0.38,1600,3.69,0.11818181818181817
2009-07-15,0.37,0.37,0.34,0.34,2000,3.3,-0.10569105691056913
2009-07-16,0.35,0.35,0.34,0.34,500,3.3,0.0
2009-07-17,0.33,0.35,0.33,0.34,1400,3.3,0.0
2009-07-20,0.34,0.35,0.33,0.35,1900,3.4,0.030303030303030276
2009-07-21,0.36,0.36,0.36,0.36,500,3.5,0.02941176470588247
2009-07-22,0.37,0.38,0.33,0.38,4500,3.69,0.05428571428571427
2009-07-23,0.39,0.41,0.38,0.38,5900,3.69,0.0
2009-07-24,0.39,0.4,0.38,0.39,3400,3.79,0.027100271002709952
2009-07-27,0.4,0.4,0.38,0.4,2100,3.89,0.02638522427440626
2009-07-28,0.4,0.4,0.37,0.39,2100,3.79,-0.02570694087403602
2009-07-29,0.37,0.41,0.37,0.41,2700,3.98,0.05013192612137196
2009-07-30,0.41,0.45,0.4,0.4,2400,3.89,-0.022613065326633097
2009-07-31,0.43,0.45,0.42,0.44,1500,4.28,0.10025706940874035
2009-08-03,0.41,0.45,0.41,0.43,1300,4.18,-0.02336448598130858
2009-08-04,0.4,0.47,0.4,0.47,2400,4.57,0.09330143540669877
2009-08-05,0.47,0.47,0.41,0.45,1800,4.37,-0.043763676148796504
2009-08-06,0.46,0.48,0.44,0.44,6400,4.28,-0.020594965675057142
2009-08-07,0.46,0.48,0.44,0.48,6700,4.66,0.08878504672897192
2009-08-10,0.5,0.54,0.43,0.45,27300,4.37,-0.0622317596566524
2009-08-11,0.45,0.45,0.43,0.43,8400,4.18,-0.0434782608695653
2009-08-12,0.43,0.46,0.41,0.42,8200,4.08,-0.023923444976076458
2009-08-13,0.43,0.47,0.43,0.47,5500,4.57,0.12009803921568629
2009-08-14,0.45,0.46,0.45,0.45,2300,4.37,-0.043763676148796504
2009-08-17,0.45,0.46,0.43,0.43,400,4.18,-0.0434782608695653
2009-08-18,0.43,0.45,0.43,0.45,900,4.37,0.045454545454545636
2009-08-19,0.45,0.45,0.43,0.43,2900,4.18,-0.0434782608695653
2009-08-20,0.43,0.46,0.43,0.45,3500,4.37,0.045454545454545636
2009-08-21,0.42,0.43,0.4,0.43,5300,4.18,-0.0434782608695653
2009-08-24,0.42,0.44,0.4,0.41,3900,3.98,-0.04784688995215303
2009-08-25,0.41,0.45,0.41,0.44,2000,4.28,0.07537688442211055
2009-08-26,0.41,0.43,0.4,0.43,900,4.18,-0.02336448598130858
2009-08-27,0.42,0.48,0.42,0.44,11600,4.28,0.02392344497607679
2009-08-28,0.48,0.48,0.43,0.45,16600,4.37,0.02102803738317749
2009-08-31,0.5,0.57,0.47,0.48,27600,4.66,0.06636155606407312
2009-09-01,0.45,0.5,0.45,0.48,27500,4.66,0.0
2009-09-02,0.48,0.48,0.45,0.46,2000,4.47,-0.04077253218884125
2009-09-03,0.47,0.47,0.45,0.45,600,4.37,-0.02237136465324374
2009-09-04,0.47,0.47,0.41,0.41,5000,3.98,-0.08924485125858128
2009-09-08,0.45,0.45,0.44,0.44,1200,4.28,0.07537688442211055
2009-09-09,0.42,0.46,0.42,0.46,900,4.47,0.04439252336448596
2009-09-10,0.45,0.48,0.44,0.46,4000,4.47,0.0
2009-09-11,0.46,0.54,0.46,0.52,8800,5.05,0.12975391498881428
2009-09-14,0.52,0.52,0.47,0.5,14400,4.86,-0.037623762376237546
2009-09-15,0.49,0.53,0.49,0.53,7400,5.15,0.05967078189300401
2009-09-16,0.51,0.52,0.5,0.51,3400,4.96,-0.03689320388349526
2009-09-17,0.53,0.58,0.5,0.52,12400,5.05,0.01814516129032251
2009-09-18,0.55,0.55,0.46,0.46,19700,4.47,-0.11485148514851484
2009-09-21,0.5,0.5,0.47,0.47,8900,4.57,0.022371364653243964
2009-09-22,0.47,0.49,0.46,0.46,4400,4.47,-0.021881838074398363
2009-09-23,0.47,0.47,0.46,0.46,13100,4.47,0.0
2009-09-24,0.47,0.47,0.44,0.45,10300,4.37,-0.02237136465324374
2009-09-25,0.47,0.49,0.45,0.45,16800,4.37,0.0
2009-09-28,0.45,0.52,0.45,0.47,10100,4.57,0.04576659038901609
2009-09-29,0.44,0.47,0.44,0.46,2300,4.47,-0.021881838074398363
2009-09-30,0.45,0.47,0.44,0.44,4900,4.28,-0.042505592841163176
2009-10-01,0.45,0.46,0.41,0.43,13400,4.18,-0.02336448598130858
2009-10-02,0.43,0.44,0.41,0.44,2700,4.28,0.02392344497607679
2009-10-05,0.44,0.44,0.43,0.44,2900,4.28,0.0
2009-10-06,0.43,0.45,0.42,0.42,6200,4.08,-0.04672897196261683
2009-10-07,0.42,0.46,0.42,0.42,9100,4.08,0.0
2009-10-08,0.43,0.45,0.43,0.44,4700,4.28,0.0490196078431373
2009-10-09,0.46,0.47,0.43,0.47,7200,4.57,0.06775700934579443
2009-10-12,0.44,0.48,0.43,0.44,6100,4.28,-0.06345733041575496
2009-10-13,0.46,0.46,0.42,0.44,5900,4.28,0.0
2009-10-14,0.44,0.46,0.43,0.43,6900,4.18,-0.02336448598130858
2009-10-15,0.46,0.46,0.42,0.43,7500,4.18,0.0
2009-10-16,0.46,0.46,0.44,0.45,2400,4.37,0.045454545454545636
2009-10-19,0.45,0.46,0.43,0.44,6500,4.28,-0.020594965675057142
2009-10-20,0.44,0.45,0.44,0.45,1400,4.37,0.02102803738317749
2009-10-21,0.45,0.47,0.44,0.47,4400,4.57,0.04576659038901609
2009-10-22,0.45,0.47,0.45,0.47,5100,4.57,0.0
2009-10-23,0.48,0.5,0.46,0.48,4300,4.66,0.01969365426695835
2009-10-26,0.48,0.48,0.42,0.43,12200,4.18,-0.10300429184549365
2009-10-27,0.45,0.48,0.4,0.4,14500,3.89,-0.06937799043062187
2009-10-28,0.4,0.45,0.4,0.42,3200,4.08,0.04884318766066831
2009-10-29,0.44,0.47,0.44,0.46,2600,4.47,0.09558823529411753
2009-10-30,0.45,0.45,0.4,0.45,3000,4.37,-0.02237136465324374
2009-11-02,0.44,0.44,0.41,0.42,3100,4.08,-0.06636155606407323
2009-11-03,0.41,0.45,0.4,0.42,1600,4.08,0.0
2009-11-04,0.44,0.45,0.41,0.44,700,4.28,0.0490196078431373
2009-11-05,0.44,0.44,0.42,0.42,3700,4.08,-0.04672897196261683
2009-11-06,0.42,0.43,0.41,0.43,3000,4.18,0.02450980392156854
2009-11-09,0.42,0.45,0.42,0.44,1900,4.28,0.02392344497607679
2009-11-10,0.43,0.45,0.43,0.45,0,4.37,0.02102803738317749
2009-11-11,0.43,0.45,0.41,0.42,2600,4.08,-0.06636155606407323
2009-11-12,0.41,0.44,0.41,0.41,2500,3.98,-0.02450980392156865
2009-11-13,0.42,0.43,0.41,0.42,6200,4.08,0.025125628140703515
2009-11-16,0.41,0.44,0.41,0.41,3800,3.98,-0.02450980392156865
2009-11-17,0.41,0.44,0.37,0.4,5200,3.89,-0.022613065326633097
2009-11-18,0.36,0.44,0.36,0.42,3900,4.08,0.04884318766066831
2009-11-19,0.42,0.43,0.4,0.4,1200,3.89,-0.04656862745098034
2009-11-20,0.4,0.42,0.38,0.4,6000,3.89,0.0
2009-11-23,0.4,0.42,0.39,0.42,1000,4.08,0.04884318766066831
2009-11-24,0.42,0.42,0.38,0.39,3300,3.79,-0.07107843137254899
2009-11-25,0.42,0.42,0.41,0.41,1800,3.98,0.05013192612137196
2009-11-27,0.41,0.44,0.41,0.43,4100,4.18,0.05025125628140703
2009-11-30,0.44,0.44,0.4,0.43,1200,4.18,0.0
2009-12-01,0.4,0.44,0.4,0.42,4900,4.08,-0.023923444976076458
2009-12-02,0.41,0.42,0.4,0.4,4300,3.89,-0.04656862745098034
2009-12-03,0.41,0.41,0.4,0.4,4600,3.89,0.0
2009-12-04,0.4,0.42,0.38,0.39,3200,3.79,-0.02570694087403602
2009-12-07,0.45,0.45,0.39,0.42,4300,4.08,0.07651715039577844
2009-12-08,0.38,0.42,0.38,0.39,2100,3.79,-0.07107843137254899
2009-12-09,0.4,0.4,0.39,0.4,1800,3.89,0.02638522427440626
2009-12-10,0.42,0.42,0.39,0.4,2800,3.89,0.0
2009-12-11,0.41,0.41,0.4,0.41,2500,3.98,0.023136246786632286
2009-12-14,0.39,0.42,0.39,0.42,9400,4.08,0.025125628140703515
2009-12-15,0.42,0.43,0.4,0.43,4100,4.18,0.02450980392156854
2009-12-16,0.43,0.51,0.43,0.48,27800,4.66,0.11483253588516762
2009-12-17,0.48,0.55,0.45,0.45,50300,4.37,-0.0622317596566524
2009-12-18,0.47,0.47,0.43,0.43,10100,4.18,-0.0434782608695653
2009-12-21,0.48,0.48,0.44,0.47,5800,4.57,0.09330143540669877
2009-12-22,0.45,0.51,0.44,0.5,26600,4.86,0.06345733041575485
2009-12-23,0.5,0.55,0.49,0.53,22100,5.15,0.05967078189300401
2009-12-24,0.53,0.57,0.53,0.54,2900,5.25,0.01941747572815533
2009-12-28,0.53,0.63,0.53,0.6,23100,5.83,0.1104761904761904
2009-12-29,0.6,0.6,0.57,0.57,8700,5.54,-0.04974271012006859
2009-12-30,0.56,0.59,0.53,0.56,9200,5.44,-0.01805054151624541
2009-12-31,0.53,0.57,0.52,0.53,4000,5.15,-0.0533088235294118
2010-01-04,0.52,0.63,0.52,0.58,8100,5.64,0.09514563106796103
2010-01-05,0.64,0.64,0.59,0.6,9100,5.83,0.03368794326241131
2010-01-06,0.59,0.63,0.57,0.63,8000,6.12,0.0497427101200687
2010-01-07,0.64,0.72,0.64,0.69,26900,6.71,0.09640522875816981
2010-01-08,0.72,0.75,0.67,0.74,14700,7.19,0.07153502235469444
2010-01-11,0.8,0.8,0.74,0.78,13200,7.58,0.05424200278164104
2010-01-12,0.8,0.82,0.62,0.7,19900,6.8,-0.1029023746701847
2010-01-13,0.69,0.73,0.63,0.66,12900,6.41,-0.057352941176470495
2010-01-14,0.66,0.78,0.66,0.76,17800,7.39,0.15288611544461772
2010-01-15,0.66,0.76,0.66,0.72,7500,7.0,-0.05277401894451961
2010-01-19,0.72,0.74,0.7,0.71,2400,6.9,-0.014285714285714235
2010-01-20,0.71,0.72,0.66,0.67,3300,6.51,-0.0565217391304349
2010-01-21,0.67,0.68,0.62,0.63,8000,6.12,-0.05990783410138245
2010-01-22,0.63,0.64,0.57,0.57,16000,5.54,-0.09477124183006536
2010-01-25,0.55,0.63,0.55,0.59,3200,5.73,0.03429602888086647
2010-01-26,0.58,0.7,0.56,0.69,5600,6.71,0.17102966841186729
2010-01-27,0.57,0.65,0.57,0.63,3400,6.12,-0.08792846497764528
2010-01-28,0.59,0.59,0.58,0.59,7600,5.73,-0.06372549019607843
2010-01-29,0.59,0.6,0.57,0.59,8900,5.73,0.0
2010-02-01,0.62,0.64,0.62,0.62,1400,6.03,0.05235602094240832
2010-02-02,0.63,0.65,0.62,0.62,2500,6.03,0.0
2010-02-03,0.67,0.67,0.61,0.62,4500,6.03,0.0
2010-02-04,0.62,0.67,0.6,0.64,3500,6.22,0.031509121061359835
2010-02-05,0.64,0.66,0.62,0.66,3400,6.41,0.030546623794212246
2010-02-08,0.66,0.7,0.66,0.66,3300,6.41,0.0
2010-02-09,0.66,0.69,0.6,0.69,3400,6.71,0.046801872074883066
2010-02-10,0.68,0.69,0.63,0.68,700,6.61,-0.014903129657227954
2010-02-11,0.69,0.7,0.65,0.7,4100,6.8,0.02874432677760952
2010-02-12,0.64,0.71,0.64,0.7,2300,6.8,0.0
2010-02-16,0.63,0.7,0.61,0.7,4000,6.8,0.0
2010-02-17,0.66,0.7,0.65,0.7,800,6.8,0.0
2010-02-18,0.69,0.7,0.68,0.69,2800,6.71,-0.013235294117647012
2010-02-19,0.66,0.67,0.62,0.64,4500,6.22,-0.07302533532041733
2010-02-22,0.63,0.7,0.63,0.69,16900,6.71,0.0787781350482315
2010-02-23,0.7,0.7,0.63,0.66,16200,6.41,-0.04470938897168397
2010-02-24,0.7,0.7,0.66,0.7,18800,6.8,0.060842433697347875
2010-02-25,0.7,0.7,0.65,0.7,9900,6.8,0.0
2010-02-26,0.7,0.79,0.68,0.72,33900,7.0,0.02941176470588247
2010-03-01,0.74,0.83,0.74,0.78,11400,7.58,0.08285714285714296
2010-03-02,0.79,0.88,0.75,0.83,24200,8.07,0.06464379947229548
2010-03-03,0.84,0.92,0.83,0.89,25000,8.65,0.07187112763320935
2010-03-04,0.91,0.99,0.88,0.93,37500,9.04,0.04508670520231206
2010-03-05,0.97,1.08,0.93,0.97,32100,9.43,0.04314159292035402
2010-03-08,0.97,1.04,0.91,0.95,25200,9.23,-0.02120890774125128
2010-03-09,0.97,0.98,0.89,0.9,12100,8.75,-0.05200433369447455
2010-03-10,0.95,0.99,0.9,0.94,11600,9.13,0.043428571428571594
2010-03-11,0.92,0.95,0.92,0.94,3900,9.13,0.0
2010-03-12,0.95,0.95,0.84,0.87,20200,8.45,-0.07447973713033973
2010-03-15,0.9,0.9,0.85,0.9,6000,8.75,0.03550295857988184
2010-03-16,0.9,0.97,0.86,0.94,10300,9.13,0.043428571428571594
2010-03-17,0.94,0.95,0.92,0.92,5100,8.94,-0.020810514786418488
2010-03-18,0.93,0.93,0.89,0.9,2900,8.75,-0.021252796420581643
2010-03-19,0.91,0.91,0.79,0.89,26200,8.65,-0.011428571428571344
2010-03-22,0.89,0.9,0.82,0.82,2200,7.97,-0.07861271676300585
2010-03-23,0.86,0.88,0.84,0.84,2800,8.16,0.023839397741530766
2010-03-24,0.84,0.87,0.82,0.83,4500,8.07,-0.011029411764705843
2010-03-25,0.82,0.84,0.8,0.84,5300,8.16,0.011152416356877248
2010-03-26,0.85,0.86,0.84,0.85,5500,8.26,0.01225490196078427
2010-03-29,0.86,0.86,0.83,0.84,4100,8.16,-0.012106537530266248
2010-03-30,0.82,0.87,0.82,0.84,4600,8.16,0.0
2010-03-31,0.83,0.89,0.82,0.82,6000,7.97,-0.023284313725490224
2010-04-01,0.85,0.85,0.82,0.84,2700,8.16,0.023839397741530766
2010-04-05,0.82,0.84,0.8,0.8,16600,7.77,-0.047794117647058876
2010-04-06,0.8,0.83,0.8,0.81,4700,7.87,0.012870012870012992
2010-04-07,0.8,0.86,0.8,0.86,4400,8.36,0.06226175349428198
2010-04-08,0.85,0.9,0.85,0.87,7000,8.45,0.010765550239234534
2010-04-09,0.82,0.87,0.81,0.83,7000,8.07,-0.044970414201183306
2010-04-12,0.81,0.93,0.81,0.9,11300,8.75,0.08426270136307301
2010-04-13,0.88,0.91,0.88,0.88,6100,8.55,-0.022857142857142798
2010-04-14,0.86,0.91,0.86,0.87,2300,8.45,-0.011695906432748648
2010-04-15,0.86,0.87,0.83,0.84,4000,8.16,-0.03431952662721882
2010-04-16,0.82,0.9,0.82,0.83,3200,8.07,-0.011029411764705843
2010-04-19,0.84,0.88,0.83,0.86,3600,8.36,0.035935563816604565
2010-04-20,0.88,0.88,0.83,0.86,3100,8.36,0.0
2010-04-21,0.83,0.88,0.83,0.87,2300,8.45,0.010765550239234534
2010-04-22,0.88,0.88,0.83,0.84,4000,8.16,-0.03431952662721882
2010-04-23,0.86,0.88,0.83,0.86,1600,8.36,0.02450980392156854
2010-04-26,0.84,0.89,0.84,0.88,5300,8.55,0.02272727272727293
2010-04-27,0.86,0.89,0.84,0.87,3400,8.45,-0.011695906432748648
2010-04-28,0.83,0.9,0.8,0.86,4600,8.36,-0.010650887573964485
2010-04-29,0.86,0.92,0.86,0.89,10200,8.65,0.0346889952153111
2010-04-30,0.91,0.92,0.88,0.9,7400,8.75,0.01156069364161838
2010-05-03,0.9,0.9,0.83,0.84,8400,8.16,-0.0674285714285714
2010-05-04,0.82,0.86,0.81,0.86,9900,8.36,0.02450980392156854
2010-05-05,0.83,0.86,0.8,0.83,9400,8.07,-0.03468899521531088
2010-05-06,0.81,0.81,0.67,0.71,40100,6.9,-0.14498141263940523
2010-05-07,0.66,0.72,0.66,0.7,3500,6.8,-0.01449275362318847
2010-05-10,0.72,0.77,0.71,0.71,2900,6.9,0.014705882352941346
2010-05-11,0.78,0.79,0.72,0.74,1800,7.19,0.04202898550724643
2010-05-12,0.73,0.75,0.73,0.74,1300,7.19,0.0
2010-05-13,0.73,0.83,0.73,0.8,2300,7.77,0.08066759388038935
2010-05-14,0.78,0.81,0.78,0.81,1200,7.87,0.012870012870012992
2010-05-17,0.75,0.79,0.73,0.74,4100,7.19,-0.08640406607369755
2010-05-18,0.74,0.77,0.73,0.77,1300,7.48,0.04033379694019468
2010-05-19,0.73,0.75,0.7,0.75,7100,7.29,-0.02540106951871668
2010-05-20,0.77,0.77,0.69,0.74,10100,7.19,-0.013717421124828433
2010-05-21,0.71,0.75,0.68,0.68,10400,6.61,-0.08066759388038947
2010-05-24,0.69,0.7,0.62,0.65,10300,6.32,-0.04387291981845687
2010-05-25,0.64,0.66,0.55,0.62,16100,6.03,-0.04588607594936711
2010-05-26,0.65,0.7,0.64,0.65,7800,6.32,0.04809286898839149
2010-05-27,0.67,0.71,0.67,0.69,4400,6.71,0.061708860759493556
2010-05-28,0.69,0.69,0.67,0.67,1400,6.51,-0.02980625931445602
2010-06-01,0.67,0.73,0.67,0.72,3100,7.0,0.07526881720430101
2010-06-02,0.69,0.72,0.69,0.7,1200,6.8,-0.02857142857142858
2010-06-03,0.7,0.72,0.7,0.72,800,7.0,0.02941176470588247
2010-06-04,0.71,0.71,0.7,0.7,700,6.8,-0.02857142857142858
2010-06-07,0.7,0.73,0.69,0.7,4800,6.8,0.0
2010-06-08,0.69,0.69,0.67,0.68,4100,6.61,-0.027941176470588136
2010-06-09,0.67,0.7,0.67,0.67,4500,6.51,-0.015128593040847238
2010-06-10,0.67,0.7,0.62,0.64,7700,6.22,-0.044546850998463894
2010-06-11,0.64,0.7,0.64,0.65,2600,6.32,0.016077170418006492
2010-06-14,0.68,0.68,0.64,0.64,1000,6.22,-0.015822784810126667
2010-06-15,0.65,0.65,0.64,0.64,2200,6.22,0.0
2010-06-16,0.62,0.66,0.62,0.64,2400,6.22,0.0
2010-06-17,0.69,0.69,0.64,0.69,5300,6.71,0.0787781350482315
2010-06-18,0.69,0.69,0.66,0.68,2500,6.61,-0.014903129657227954
2010-06-21,0.66,0.66,0.64,0.65,5100,6.32,-0.04387291981845687
2010-06-22,0.64,0.69,0.61,0.65,3400,6.32,0.0
2010-06-23,0.65,0.65,0.63,0.65,1400,6.32,0.0
2010-06-24,0.65,0.69,0.61,0.68,2700,6.61,0.04588607594936711
2010-06-25,0.65,0.65,0.64,0.65,13400,6.32,-0.04387291981845687
2010-06-28,0.64,0.66,0.64,0.64,4600,6.22,-0.015822784810126667
2010-06-29,0.63,0.65,0.62,0.64,1500,6.22,0.0
2010-06-30,0.63,0.63,0.61,0.62,2300,6.03,-0.030546623794212135
2010-07-01,0.62,0.68,0.6,0.66,1900,6.41,0.06301824212271967
2010-07-02,0.63,0.63,0.6,0.62,6000,6.03,-0.05928237129485181
2010-07-06,0.61,0.65,0.58,0.58,10600,5.64,-0.06467661691542292
2010-07-07,0.6,0.62,0.59,0.59,5900,5.73,0.015957446808510856
2010-07-08,0.62,0.63,0.59,0.62,500,6.03,0.05235602094240832
2010-07-09,0.6,0.64,0.59,0.63,800,6.12,0.014925373134328401
2010-07-12,0.6,0.63,0.58,0.61,2000,5.93,-0.03104575163398704
2010-07-13,0.61,0.61,0.59,0.6,1600,5.83,-0.01686340640809436
2010-07-14,0.6,0.61,0.58,0.59,2800,5.73,-0.01715265866209259
2010-07-15,0.6,0.61,0.59,0.59,1600,5.73,0.0
2010-07-16,0.59,0.6,0.55,0.55,5300,5.34,-0.06806282722513102
2010-07-19,0.58,0.62,0.58,0.62,2600,6.03,0.1292134831460674
2010-07-20,0.58,0.6,0.56,0.58,5200,5.64,-0.06467661691542292
2010-07-21,0.58,0.61,0.55,0.55,8400,5.34,-0.05319148936170215
2010-07-22,0.55,0.56,0.5,0.51,15900,4.96,-0.07116104868913853
2010-07-23,0.52,0.56,0.51,0.54,3700,5.25,0.058467741935483986
2010-07-26,0.54,0.55,0.51,0.53,4100,5.15,-0.01904761904761898
2010-07-27,0.56,0.56,0.54,0.54,1200,5.25,0.01941747572815533
2010-07-28,0.52,0.54,0.51,0.54,400,5.25,0.0
2010-07-29,0.52,0.53,0.52,0.52,500,5.05,-0.03809523809523818
2010-07-30,0.53,0.54,0.52,0.52,1500,5.05,0.0
2010-08-02,0.52,0.52,0.49,0.49,5800,4.76,-0.05742574257425748
2010-08-03,0.49,0.5,0.46,0.46,4400,4.47,-0.060924369747899165
2010-08-04,0.46,0.47,0.45,0.45,6400,4.37,-0.02237136465324374
2010-08-05,0.45,0.53,0.44,0.53,17300,5.15,0.17848970251716256
2010-08-06,0.5,0.53,0.5,0.52,1300,5.05,-0.019417475728155442
2010-08-09,0.52,0.53,0.52,0.52,3800,5.05,0.0
2010-08-10,0.5,0.5,0.48,0.49,6600,4.76,-0.05742574257425748
2010-08-11,0.47,0.49,0.45,0.49,2200,4.76,0.0
2010-08-12,0.49,0.49,0.49,0.49,300,4.76,0.0
2010-08-13,0.46,0.47,0.45,0.46,2500,4.47,-0.060924369747899165
2010-08-16,0.49,0.49,0.46,0.49,3200,4.76,0.06487695749440725
2010-08-17,0.46,0.49,0.45,0.49,3200,4.76,0.0
2010-08-18,0.47,0.49,0.47,0.49,2000,4.76,0.0
2010-08-19,0.5,0.5,0.49,0.5,600,4.86,0.021008403361344685
2010-08-20,0.5,0.5,0.47,0.5,300,4.86,0.0
2010-08-23,0.48,0.48,0.42,0.46,8400,4.47,-0.08024691358024705
2010-08-24,0.46,0.47,0.45,0.45,2300,4.37,-0.02237136465324374
2010-08-25,0.46,0.47,0.44,0.45,1300,4.37,0.0
2010-08-26,0.44,0.45,0.42,0.44,4100,4.28,-0.020594965675057142
2010-08-27,0.44,0.48,0.44,0.44,1200,4.28,0.0
2010-08-30,0.45,0.5,0.45,0.45,2100,4.37,0.02102803738317749
2010-08-31,0.47,0.52,0.45,0.52,1100,5.05,0.1556064073226544
2010-09-01,0.52,0.52,0.48,0.5,2300,4.86,-0.037623762376237546
2010-09-02,0.48,0.5,0.48,0.5,700,4.86,0.0
2010-09-03,0.48,0.5,0.48,0.5,300,4.86,0.0
2010-09-07,0.48,0.48,0.48,0.48,200,4.66,-0.04115226337448563
2010-09-08,0.46,0.51,0.46,0.48,1200,4.66,0.0
2010-09-09,0.49,0.49,0.47,0.49,1100,4.76,0.02145922746781115
2010-09-10,0.48,0.48,0.42,0.45,7100,4.37,-0.08193277310924363
2010-09-13,0.45,0.47,0.45,0.47,1900,4.57,0.04576659038901609
2010-09-14,0.47,0.48,0.47,0.47,1100,4.57,0.0
2010-09-15,0.48,0.49,0.48,0.49,600,4.76,0.04157549234135649
2010-09-16,0.49,0.49,0.45,0.47,3400,4.57,-0.03991596638655448
2010-09-17,0.45,0.5,0.45,0.49,3100,4.76,0.04157549234135649
2010-09-20,0.5,0.5,0.45,0.46,4000,4.47,-0.060924369747899165
2010-09-21,0.47,0.47,0.42,0.46,3100,4.47,0.0
2010-09-22,0.45,0.46,0.42,0.46,2100,4.47,0.0
2010-09-23,0.48,0.48,0.45,0.46,1300,4.47,0.0
2010-09-24,0.47,0.48,0.42,0.47,6700,4.57,0.022371364653243964
2010-09-27,0.43,0.47,0.41,0.45,2100,4.37,-0.043763676148796504
2010-09-28,0.45,0.49,0.45,0.47,5500,4.57,0.04576659038901609
2010-09-29,0.44,0.51,0.44,0.47,4200,4.57,0.0
2010-09-30,0.44,0.47,0.44,0.45,4700,4.37,-0.043763676148796504
2010-10-01,0.47,0.49,0.45,0.48,2900,4.66,0.06636155606407312
2010-10-04,0.48,0.5,0.45,0.49,6600,4.76,0.02145922746781115
2010-10-05,0.5,0.5,0.46,0.46,1800,4.47,-0.060924369747899165
2010-10-06,0.47,0.49,0.46,0.48,1500,4.66,0.04250559284116351
2010-10-07,0.46,0.53,0.44,0.5,36900,4.86,0.0429184549356223
2010-10-08,0.5,0.53,0.47,0.53,6000,5.15,0.05967078189300401
2010-10-11,0.5,0.52,0.48,0.49,22600,4.76,-0.07572815533980592
2010-10-12,0.49,0.49,0.44,0.44,12600,4.28,-0.10084033613445365
2010-10-13,0.44,0.48,0.44,0.46,3200,4.47,0.04439252336448596
2010-10-14,0.45,0.48,0.45,0.46,1300,4.47,0.0
2010-10-15,0.46,0.49,0.46,0.49,1700,4.76,0.06487695749440725
2010-10-18,0.49,0.49,0.46,0.47,2100,4.57,-0.03991596638655448
2010-10-19,0.48,0.5,0.47,0.47,1400,4.57,0.0
2010-10-20,0.47,0.47,0.43,0.46,9000,4.47,-0.021881838074398363
2010-10-21,0.49,0.49,0.44,0.46,3600,4.47,0.0
2010-10-22,0.45,0.45,0.45,0.45,1900,4.37,-0.02237136465324374
2010-10-25,0.48,0.48,0.45,0.45,5900,4.37,0.0
2010-10-26,0.45,0.46,0.45,0.45,6200,4.37,0.0
2010-10-27,0.45,0.46,0.44,0.45,2600,4.37,0.0
2010-10-28,0.46,0.46,0.44,0.46,13100,4.47,0.022883295194507935
2010-10-29,0.46,0.46,0.44,0.45,4500,4.37,-0.02237136465324374
2010-11-01,0.46,0.46,0.43,0.44,5700,4.28,-0.020594965675057142
2010-11-02,0.43,0.45,0.43,0.43,1400,4.18,-0.02336448598130858
2010-11-03,0.43,0.45,0.43,0.45,2200,4.37,0.045454545454545636
2010-11-04,0.45,0.45,0.45,0.45,3400,4.37,0.0
2010-11-05,0.46,0.46,0.45,0.45,14100,4.37,0.0
2010-11-08,0.45,0.51,0.45,0.49,19900,4.76,0.08924485125858106
2010-11-09,0.51,0.51,0.47,0.47,2500,4.57,-0.03991596638655448
2010-11-10,0.5,0.5,0.45,0.45,10000,4.37,-0.043763676148796504
2010-11-11,0.45,0.5,0.45,0.45,10300,4.37,0.0
2010-11-12,0.45,0.49,0.44,0.44,6400,4.28,-0.020594965675057142
2010-11-15,0.5,0.5,0.43,0.45,27800,4.37,0.02102803738317749
2010-11-16,0.43,0.45,0.43,0.43,3100,4.18,-0.0434782608695653
2010-11-17,0.43,0.45,0.43,0.43,14400,4.18,0.0
2010-11-18,0.43,0.45,0.43,0.45,4400,4.37,0.045454545454545636
2010-11-19,0.45,0.45,0.42,0.44,12400,4.28,-0.020594965675057142
2010-11-22,0.43,0.48,0.43,0.46,11400,4.47,0.04439252336448596
2010-11-23,0.47,0.47,0.44,0.47,17000,4.57,0.022371364653243964
2010-11-24,0.47,0.48,0.45,0.45,7400,4.37,-0.043763676148796504
2010-11-26,0.46,0.48,0.45,0.47,9900,4.57,0.04576659038901609
2010-11-29,0.47,0.47,0.45,0.45,3100,4.37,-0.043763676148796504
2010-11-30,0.47,0.47,0.46,0.47,1500,4.57,0.04576659038901609
2010-12-01,0.47,0.48,0.44,0.45,14600,4.37,-0.043763676148796504
2010-12-02,0.47,0.47,0.44,0.45,13800,4.37,0.0
2010-12-03,0.44,0.47,0.43,0.44,25700,4.28,-0.020594965675057142
2010-12-06,0.43,0.45,0.43,0.44,6100,4.28,0.0
2010-12-07,0.44,0.45,0.43,0.44,4900,4.28,0.0
2010-12-08,0.44,0.46,0.43,0.46,14200,4.47,0.04439252336448596
2010-12-09,0.43,0.45,0.43,0.44,4700,4.28,-0.042505592841163176
2010-12-10,0.45,0.46,0.43,0.45,3500,4.37,0.02102803738317749
2010-12-13,0.45,0.45,0.43,0.45,20500,4.37,0.0
2010-12-14,0.43,0.44,0.43,0.43,1900,4.18,-0.0434782608695653
2010-12-15,0.44,0.44,0.43,0.43,2800,4.18,0.0
2010-12-16,0.43,0.43,0.41,0.42,28600,4.08,-0.023923444976076458
2010-12-17,0.41,0.43,0.41,0.42,20700,4.08,0.0
2010-12-20,0.42,0.43,0.4,0.42,44800,4.08,0.0
2010-12-21,0.42,0.45,0.42,0.44,23100,4.28,0.0490196078431373
2010-12-22,0.45,0.45,0.43,0.43,8100,4.18,-0.02336448598130858
2010-12-23,0.44,0.44,0.42,0.44,8600,4.28,0.02392344497607679
2010-12-27,0.43,0.44,0.42,0.43,11300,4.18,-0.02336448598130858
2010-12-28,0.42,0.47,0.42,0.43,42900,4.18,0.0
2010-12-29,0.43,0.45,0.43,0.43,16000,4.18,0.0
2010-12-30,4.39,4.88,4.3,4.88,17000,4.74,0.13397129186602874
2010-12-31,4.8,5.16,4.61,4.96,42100,4.82,0.016877637130801704
2011-01-03,4.67,5.25,4.67,4.84,52600,4.7,-0.024896265560165998
2011-01-04,4.9,4.95,4.84,4.95,13100,4.81,0.023404255319148914
2011-01-05,4.95,4.97,4.85,4.89,10800,4.75,-0.012474012474012364
2011-01-06,4.9,4.92,4.76,4.76,8200,4.63,-0.025263157894736876
2011-01-07,4.75,4.85,4.66,4.66,17000,4.53,-0.021598272138228847
2011-01-10,4.65,4.7,4.65,4.68,2700,4.55,0.004415011037527394
2011-01-11,4.84,4.96,4.83,4.85,18400,4.71,0.03516483516483526
2011-01-12,4.68,4.9,4.68,4.83,4300,4.69,-0.004246284501061459
2011-01-13,4.71,5.0,4.71,5.0,12100,4.86,0.036247334754797356
2011-01-14,4.96,5.04,4.91,5.0,4000,4.86,0.0
2011-01-18,4.96,4.96,4.9,4.95,3300,4.81,-0.010288065843621519
2011-01-19,4.9,4.93,4.9,4.93,2800,4.79,-0.004158004158004047
2011-01-20,4.9,5.05,4.77,4.91,4100,4.77,-0.0041753653444677186
2011-01-21,4.9,4.95,4.68,4.82,13400,4.68,-0.018867924528301883
2011-01-24,4.81,4.91,4.8,4.9,14100,4.76,0.017094017094017033
2011-01-25,4.94,5.0,4.75,4.9,12600,4.76,0.0
2011-01-26,4.95,4.95,4.81,4.81,3100,4.67,-0.018907563025210017
2011-01-27,4.89,5.0,4.75,5.0,6200,4.86,0.04068522483940051
2011-01-28,4.9,5.01,4.7,4.85,23100,4.71,-0.030864197530864224
2011-01-31,4.85,4.99,4.75,4.85,6600,4.71,0.0
2011-02-01,4.76,4.92,4.7,4.79,10300,4.65,-0.0127388535031846
2011-02-02,4.8,4.93,4.8,4.8,1200,4.66,0.0021505376344086446
2011-02-03,4.8,5.0,4.8,4.85,11000,4.71,0.010729613733905463
2011-02-04,4.85,4.95,4.85,4.85,2800,4.71,0.0
2011-02-07,4.85,5.02,4.84,5.01,25500,4.87,0.03397027600849256
2011-02-08,5.0,5.49,5.0,5.48,59500,5.33,0.09445585215605745
2011-02-09,5.27,5.95,5.27,5.83,23700,5.67,0.06378986866791747
2011-02-10,5.83,6.1,5.83,6.0,31600,5.83,0.02821869488536155
2011-02-11,6.05,6.06,5.88,5.89,31500,5.72,-0.018867924528301994
2011-02-14,5.89,5.94,5.88,5.91,7200,5.74,0.0034965034965035446
2011-02-15,5.89,6.03,5.88,5.9,8100,5.73,-0.0017421602787456303
2011-02-16,5.81,5.92,5.74,5.91,3800,5.74,0.0017452006980802626
2011-02-17,5.88,6.0,5.78,5.88,8500,5.71,-0.005226480836237002
2011-02-18,5.77,5.83,5.67,5.81,2300,5.65,-0.010507880910682998
2011-02-22,5.76,5.76,5.33,5.54,9500,5.38,-0.04778761061946912
2011-02-23,5.32,5.68,5.27,5.6,23700,5.44,0.01115241635687747
2011-02-24,5.38,5.65,5.26,5.61,2800,5.45,0.0018382352941175295
2011-02-25,5.41,6.04,5.41,6.04,9800,5.87,0.07706422018348613
2011-02-28,5.85,5.85,5.74,5.85,5700,5.69,-0.030664395229982877
2011-03-01,5.99,6.25,5.99,6.25,15000,6.07,0.06678383128295251
2011-03-02,6.25,6.54,6.25,6.47,36900,6.29,0.036243822075782584
2011-03-03,6.64,6.74,6.4,6.4,10800,6.22,-0.011128775834658211
2011-03-04,6.49,6.7,6.49,6.56,3100,6.37,0.02411575562700974
2011-03-07,6.5,6.7,6.31,6.69,31100,6.5,0.020408163265306145
2011-03-08,6.49,6.9,6.49,6.74,21400,6.55,0.007692307692307665
2011-03-09,7.2,7.23,6.78,6.83,69800,6.64,0.013740458015267132
2011-03-10,5.69,6.65,5.69,6.3,21200,6.12,-0.07831325301204817
2011-03-11,6.05,6.49,5.67,6.38,11200,6.2,0.013071895424836555
2011-03-14,6.35,6.6,6.31,6.31,5300,6.13,-0.011290322580645218
2011-03-15,6.18,6.39,6.18,6.22,3600,6.04,-0.014681892332789492
2011-03-16,6.1,6.48,6.09,6.39,2300,6.21,0.0281456953642385
2011-03-17,6.22,6.46,6.2,6.46,3800,6.28,0.011272141706924366
2011-03-18,6.35,6.46,6.06,6.06,9200,5.89,-0.06210191082802552
2011-03-21,6.1,6.54,6.1,6.28,11700,6.1,0.035653650254668934
2011-03-22,6.54,6.54,6.25,6.25,3200,6.07,-0.004918032786885185
2011-03-23,6.41,6.41,6.37,6.37,700,6.19,0.01976935749588149
2011-03-24,6.11,6.49,6.1,6.31,8000,6.13,-0.009693053311793265
2011-03-25,6.29,6.62,6.29,6.6,4700,6.41,0.04567699836867867
2011-03-28,6.54,6.6,6.29,6.41,7700,6.23,-0.02808112324492973
2011-03-29,6.13,6.35,6.12,6.26,2100,6.08,-0.024077046548956704
2011-03-30,6.52,6.55,6.4,6.5,4300,6.32,0.03947368421052633
2011-03-31,6.59,6.6,6.22,6.54,3600,6.36,0.006329113924050667
2011-04-01,6.32,6.47,6.29,6.47,3700,6.29,-0.011006289308176154
2011-04-04,6.51,6.57,6.43,6.5,2000,6.32,0.004769475357710773
2011-04-05,6.15,6.48,6.15,6.33,4900,6.15,-0.026898734177215222
2011-04-06,6.23,6.5,6.2,6.45,2500,6.27,0.019512195121951015
2011-04-07,6.37,6.6,6.36,6.5,21500,6.32,0.00797448165869219
2011-04-08,6.3,6.5,6.3,6.5,12800,6.32,0.0
2011-04-11,6.41,6.48,6.41,6.44,2700,6.26,-0.009493670886076
2011-04-12,6.41,6.49,6.2,6.38,1800,6.2,-0.009584664536741117
2011-04-13,6.36,6.49,6.3,6.49,1200,6.31,0.01774193548387082
2011-04-14,6.24,6.24,6.2,6.2,4000,6.03,-0.04437400950871617
2011-04-15,6.15,6.35,6.15,6.3,8300,6.12,0.014925373134328401
2011-04-18,6.19,6.19,6.18,6.18,300,6.01,-0.017973856209150374
2011-04-19,6.24,6.49,6.12,6.2,6500,6.03,0.0033277870216306127
2011-04-20,6.17,6.44,6.17,6.3,14400,6.12,0.014925373134328401
2011-04-21,6.3,6.4,6.3,6.34,1200,6.16,0.006535947712418277
2011-04-25,6.31,6.31,6.24,6.24,6400,6.06,-0.016233766233766267
2011-04-26,6.18,6.4,6.12,6.12,4700,5.95,-0.018151815181518094
2011-04-27,6.18,6.4,6.18,6.33,43000,6.15,0.03361344537815136
2011-04-28,6.43,6.8,6.39,6.66,22000,6.47,0.052032520325203224
2011-04-29,6.69,6.78,6.6,6.66,2300,6.47,0.0
2011-05-02,6.77,6.85,6.57,6.76,6100,6.57,0.015455950540958385
2011-05-03,6.61,6.89,6.61,6.66,7100,6.47,-0.015220700152207112
2011-05-04,6.68,7.0,6.68,6.9,13400,6.71,0.03709428129829995
2011-05-05,7.04,8.53,7.0,7.7,53800,7.48,0.11475409836065587
2011-05-06,7.8,8.24,7.8,8.07,11000,7.84,0.048128342245989275
2011-05-09,8.02,8.24,7.75,8.07,5600,7.84,0.0
2011-05-10,8.12,8.3,8.12,8.28,11600,8.05,0.026785714285714413
2011-05-11,8.23,8.74,8.23,8.42,16700,8.18,0.01614906832298124
2011-05-12,8.39,8.79,8.39,8.6,8900,8.36,0.022004889975550057
2011-05-13,8.6,8.94,8.4,8.76,24000,8.51,0.017942583732057482
2011-05-16,8.7,8.7,8.48,8.48,2600,8.24,-0.031727379553466495
2011-05-17,8.4,8.69,8.31,8.6,21300,8.36,0.014563106796116498
2011-05-18,8.62,8.7,8.59,8.7,26800,8.45,0.010765550239234534
2011-05-19,8.63,8.77,8.54,8.6,9600,8.36,-0.010650887573964485
2011-05-20,8.66,9.19,8.66,8.95,21400,8.7,0.04066985645933019
2011-05-23,8.99,9.25,8.31,9.25,15000,8.99,0.03333333333333344
2011-05-24,9.14,9.33,8.98,9.04,6900,8.79,-0.022246941045606317
2011-05-25,9.11,9.23,9.0,9.23,17800,8.97,0.020477815699658786
2011-05-26,9.06,9.33,8.78,9.32,6800,9.06,0.010033444816053505
2011-05-27,9.23,9.38,9.02,9.27,3100,9.01,-0.0055187637969095205
2011-05-31,9.2,9.69,9.04,9.31,74400,9.05,0.004439511653718142
2011-06-01,9.3,9.6,9.3,9.4,22000,9.13,0.008839779005524795
2011-06-02,9.4,9.44,8.92,9.11,45700,8.85,-0.030668127053669392
2011-06-03,9.1,9.39,9.1,9.19,3700,8.93,0.009039548022598876
2011-06-06,9.12,9.29,9.11,9.29,6300,9.03,0.011198208286674172
2011-06-07,9.2,9.23,9.17,9.23,2500,8.97,-0.006644518272425071
2011-06-08,9.21,9.27,9.1,9.27,14100,9.01,0.004459308807134743
2011-06-09,9.27,9.27,9.0,9.08,15000,8.82,-0.021087680355160843
2011-06-10,9.03,9.1,8.91,8.97,27400,8.72,-0.0113378684807256
2011-06-13,9.1,9.11,8.9,9.1,19500,8.84,0.013761467889908063
2011-06-14,9.09,9.69,8.91,9.45,23200,9.18,0.03846153846153855
2011-06-15,9.32,9.42,9.2,9.28,7500,9.02,-0.017429193899782147
2011-06-16,9.3,9.47,9.25,9.25,6000,8.99,-0.003325942350332567
2011-06-17,9.3,9.55,9.25,9.55,11500,9.28,0.032258064516129004
2011-06-20,9.44,9.5,9.25,9.4,12800,9.13,-0.016163793103448176
2011-06-21,9.36,9.9,9.35,9.69,30600,9.42,0.03176341730558585
2011-06-22,9.59,10.04,9.59,9.91,21200,9.63,0.022292993630573354
2011-06-23,9.81,9.95,9.6,9.87,6900,9.59,-0.004153686396677125
2011-06-24,9.78,10.03,9.6,9.96,29500,9.68,0.00938477580813335
2011-06-27,9.99,10.0,9.78,9.89,9000,9.61,-0.00723140495867769
2011-06-28,9.83,9.83,9.63,9.65,6500,9.38,-0.023933402705514917
2011-06-29,9.6,9.85,9.6,9.71,8600,9.44,0.006396588486140553
2011-06-30,9.7,9.79,9.63,9.74,3700,9.47,0.0031779661016950733
2011-07-01,9.68,9.75,9.5,9.5,3400,9.23,-0.025343189017951406
2011-07-05,9.59,9.6,9.45,9.59,2800,9.32,0.009750812567713929
2011-07-06,9.83,9.95,9.69,9.75,7800,9.48,0.017167381974249052
2011-07-07,9.72,9.79,9.56,9.56,11100,9.29,-0.020042194092827148
2011-07-08,9.6,9.68,9.52,9.68,10100,9.41,0.012917115177610405
2011-07-11,9.69,9.98,9.6,9.7,9100,9.43,0.002125398512220933
2011-07-12,9.82,9.95,9.77,9.89,5200,9.61,0.019088016967126142
2011-07-13,9.8,9.84,9.71,9.73,9900,9.46,-0.015608740894901052
2011-07-14,9.71,9.71,9.71,9.71,200,9.44,-0.0021141649048627142
2011-07-15,9.6,9.66,9.6,9.66,300,9.39,-0.005296610169491456
2011-07-18,9.64,9.65,9.55,9.56,1600,9.29,-0.010649627263045969
2011-07-19,9.73,9.75,9.6,9.6,5400,9.33,0.0043057050592034685
2011-07-20,9.61,9.68,9.6,9.68,1800,9.41,0.008574490889603492
2011-07-21,9.65,9.92,9.65,9.85,5500,9.57,0.01700318809776835
2011-07-22,9.85,9.85,9.7,9.83,4500,9.55,-0.002089864158829613
2011-07-25,9.86,9.9,9.75,9.87,7000,9.59,0.004188481675392541
2011-07-26,9.79,9.9,9.64,9.9,4200,9.62,0.0031282586027110426
2011-07-27,9.99,10.28,9.9,10.1,38100,9.82,0.020790020790020902
2011-07-28,10.08,10.25,9.87,10.19,7400,9.9,0.008146639511201537
2011-07-29,10.2,10.24,10.14,10.18,1000,9.89,-0.0010101010101010166
2011-08-01,10.14,10.15,9.9,10.0,5400,9.72,-0.01718907987866536
2011-08-02,9.97,9.97,9.61,9.96,8500,9.68,-0.004115226337448652
2011-08-03,9.91,10.17,9.9,9.99,10900,9.71,0.0030991735537191367
2011-08-04,9.96,9.96,8.87,9.55,27800,9.28,-0.04428424304840384
2011-08-05,9.5,9.57,9.21,9.51,16800,9.24,-0.004310344827586077
2011-08-08,9.51,9.52,8.89,9.5,35800,9.23,-0.0010822510822510178
2011-08-09,9.18,9.95,9.18,9.95,12300,9.67,0.04767063921993486
2011-08-10,9.86,9.94,9.24,9.5,33500,9.23,-0.04550155118924504
2011-08-11,9.29,9.58,9.15,9.25,10300,8.99,-0.02600216684723733
2011-08-12,9.22,9.22,8.79,9.09,6100,8.83,-0.017797552836484987
2011-08-15,8.98,9.47,8.71,9.47,14400,9.2,0.04190260475651186
2011-08-16,9.36,9.36,8.85,9.17,15500,8.91,-0.031521739130434656
2011-08-17,9.11,9.28,8.79,8.84,14800,8.59,-0.03591470258136931
2011-08-18,8.82,9.0,8.11,8.79,13500,8.54,-0.005820721769499548
2011-08-19,8.64,8.64,8.4,8.45,7900,8.21,-0.03864168618266961
2011-08-22,8.61,8.68,8.26,8.4,10000,8.16,-0.006090133982947665
2011-08-23,8.43,8.63,8.26,8.61,10300,8.37,0.025735294117646967
2011-08-24,8.44,8.85,8.43,8.62,4400,8.38,0.0011947431302272715
2011-08-25,8.7,8.94,8.7,8.94,600,8.69,0.03699284009546533
2011-08-26,8.64,9.03,8.64,8.88,2400,8.63,-0.0069044879171460405
2011-08-29,8.94,9.24,8.94,9.1,4400,8.84,0.024333719582850355
2011-08-30,9.2,9.29,8.93,9.2,7200,8.94,0.011312217194570096
2011-08-31,9.32,9.32,9.04,9.1,5400,8.84,-0.01118568232662187
2011-09-01,9.1,9.22,9.1,9.16,4500,8.9,0.006787330316742057
2011-09-02,9.16,9.16,9.06,9.06,900,8.8,-0.011235955056179692
2011-09-06,9.0,9.0,8.86,8.99,1700,8.74,-0.006818181818181834
2011-09-07,9.0,9.14,8.99,8.99,3700,8.74,0.0
2011-09-08,8.95,9.06,8.95,9.06,900,8.8,0.006864988558352492
2011-09-09,9.04,9.04,8.98,9.0,1800,8.75,-0.005681818181818232
2011-09-12,9.01,9.01,8.76,9.0,2200,8.75,0.0
2011-09-13,9.0,9.03,9.0,9.0,1700,8.75,0.0
2011-09-14,9.09,9.09,8.86,9.03,4700,8.78,0.0034285714285713365
2011-09-15,9.08,9.08,8.73,8.87,6800,8.62,-0.018223234624145768
2011-09-16,8.96,9.07,8.9,9.01,4200,8.76,0.016241299303944468
2011-09-19,8.93,8.95,8.59,8.87,3600,8.62,-0.01598173515981738
2011-09-20,8.92,8.92,8.92,8.92,500,8.67,0.0058004640371229765
2011-09-21,8.84,8.94,8.55,8.75,6700,8.5,-0.019607843137254943
2011-09-22,8.45,8.59,8.25,8.38,18400,8.14,-0.04235294117647048
2011-09-23,8.3,8.57,8.3,8.43,3400,8.19,0.006142506142505999
2011-09-26,8.29,8.67,8.2,8.28,4700,8.05,-0.017094017094016922
2011-09-27,8.52,8.77,8.18,8.5,10700,8.26,0.02608695652173898
2011-09-28,8.42,8.64,8.42,8.64,2100,8.4,0.016949152542373058
2011-09-29,8.64,8.66,8.5,8.62,2200,8.38,-0.0023809523809523725
2011-09-30,8.5,8.58,8.5,8.58,800,8.34,-0.004773269689737569
2011-10-03,8.56,8.64,8.43,8.45,2900,8.21,-0.015587529976019088
2011-10-04,8.24,8.43,8.21,8.43,600,8.19,-0.0024360535931792215
2011-10-05,8.42,8.43,8.21,8.21,1900,7.98,-0.02564102564102555
2011-10-06,8.33,8.39,8.2,8.23,1500,8.0,0.0025062656641603454
2011-10-07,8.22,8.22,8.2,8.2,1300,7.97,-0.003750000000000031
2011-10-10,8.25,8.25,8.2,8.25,1100,8.02,0.006273525721455453
2011-10-11,8.2,8.25,8.15,8.15,4400,7.92,-0.012468827930174564
2011-10-12,8.18,8.24,7.57,8.22,6600,7.99,0.008838383838383868
2011-10-13,8.07,8.2,8.05,8.2,7200,7.97,-0.0025031289111390187
2011-10-14,7.98,8.24,7.98,8.15,2900,7.92,-0.006273525721455453
2011-10-17,8.13,8.36,8.13,8.2,1900,7.97,0.0063131313131312705
2011-10-18,8.1,8.1,8.0,8.1,51400,7.87,-0.012547051442910906
2011-10-19,8.1,8.1,8.1,8.1,0,7.87,0.0
2011-10-20,8.0,8.1,7.94,8.0,3400,7.77,-0.01270648030495558
2011-10-21,8.02,8.09,7.85,8.0,2300,7.77,0.0
2011-10-24,8.1,8.1,7.87,7.87,2500,7.65,-0.015444015444015302
2011-10-25,7.97,8.05,7.91,7.95,18000,7.73,0.010457516339869244
2011-10-26,7.79,8.04,7.79,8.04,2000,7.81,0.010349288486416475
2011-10-27,8.1,8.1,7.77,7.9,4800,7.68,-0.016645326504481472
2011-10-28,7.99,8.0,7.99,8.0,2200,7.77,0.01171875
2011-10-31,7.99,8.05,7.83,8.05,2100,7.82,0.006435006435006496
2011-11-01,7.8,7.98,7.8,7.85,2400,7.63,-0.024296675191815886
2011-11-02,7.77,8.0,7.46,7.76,8800,7.54,-0.011795543905635641
2011-11-03,7.76,7.76,7.76,7.76,0,7.54,0.0
2011-11-04,7.55,7.65,7.46,7.46,18500,7.25,-0.038461538461538436
2011-11-07,7.65,7.65,7.4,7.5,25800,7.29,0.0055172413793103114
2011-11-08,7.5,7.5,7.0,7.02,275800,6.82,-0.06447187928669407
2011-11-09,6.92,7.2,6.78,6.95,17500,6.75,-0.01026392961876832
2011-11-10,7.02,7.06,6.76,7.06,30600,6.86,0.016296296296296253
2011-11-11,6.93,7.47,6.91,7.15,17000,6.95,0.013119533527696792
2011-11-14,7.15,7.75,7.15,7.44,91700,7.23,0.04028776978417259
2011-11-15,7.56,7.62,7.45,7.59,60700,7.38,0.020746887966804906
2011-11-16,7.62,7.77,7.5,7.66,76200,7.44,0.008130081300813163
2011-11-17,7.69,8.08,7.69,8.07,12800,7.84,0.053763440860215006
2011-11-18,8.14,8.14,7.76,7.99,6600,7.76,-0.010204081632653073
2011-11-21,7.86,7.91,7.4,7.4,19300,7.19,-0.07345360824742264
2011-11-22,7.27,7.27,6.79,6.97,210500,6.77,-0.05841446453407517
2011-11-23,6.91,6.99,6.76,6.76,2700,6.57,-0.02954209748892156
2011-11-25,6.74,6.96,6.74,6.81,1000,6.62,0.007610350076103556
2011-11-28,6.94,6.98,6.53,6.75,28700,6.56,-0.009063444108761365
2011-11-29,6.79,6.93,6.55,6.8,463200,6.61,0.007621951219512368
2011-11-30,7.05,7.05,6.54,6.54,88600,6.36,-0.03782148260211804
2011-12-01,6.67,6.95,6.58,6.95,26800,6.75,0.061320754716981174
2011-12-02,6.95,7.05,6.92,7.0,30100,6.8,0.007407407407407307
2011-12-05,7.0,7.1,6.93,6.95,19500,6.75,-0.007352941176470562
2011-12-06,7.09,7.09,6.85,6.95,33600,6.75,0.0
2011-12-07,6.97,7.0,6.71,6.82,35200,6.63,-0.01777777777777778
2011-12-08,6.86,6.93,6.71,6.93,15100,6.73,0.015082956259427016
2011-12-09,6.84,7.05,6.76,6.92,11600,6.72,-0.0014858841010402246
2011-12-12,6.95,6.97,6.87,6.9,4200,6.71,-0.0014880952380952328
2011-12-13,7.09,7.1,6.85,6.9,33700,6.71,0.0
2011-12-14,6.9,6.91,6.68,6.9,11200,6.71,0.0
2011-12-15,6.9,7.0,6.81,7.0,11000,6.8,0.013412816691505292
2011-12-16,7.0,7.12,7.0,7.1,15700,6.9,0.014705882352941346
2011-12-19,7.06,7.09,6.95,6.95,20100,6.75,-0.021739130434782705
2011-12-20,6.9,7.06,6.85,6.97,19500,6.77,0.002962962962962834
2011-12-21,6.93,7.05,6.93,6.95,4600,6.75,-0.002954209748892156
2011-12-22,7.15,7.15,6.98,7.1,16000,6.9,0.022222222222222365
2011-12-23,7.17,7.17,6.66,6.97,10200,6.77,-0.018840579710145078
2011-12-27,6.96,7.0,6.65,6.98,7300,6.78,0.001477104874446189
2011-12-28,6.98,7.0,6.9,6.9,8400,6.71,-0.0103244837758113
2011-12-29,6.88,7.06,6.88,7.06,4800,6.86,0.022354694485842153
2011-12-30,7.14,7.4,7.1,7.3,24300,7.09,0.03352769679300294
2012-01-03,7.33,7.4,7.05,7.35,18600,7.14,0.007052186177715081
2012-01-04,7.3,7.3,7.11,7.27,23000,7.06,-0.011204481792717047
2012-01-05,7.23,7.23,6.83,7.15,9500,6.95,-0.015580736543909235
2012-01-06,7.21,7.21,6.97,7.05,13300,6.85,-0.014388489208633115
2012-01-09,7.05,7.22,7.04,7.05,19100,6.85,0.0
2012-01-10,7.06,7.25,7.06,7.19,3700,6.99,0.020437956204379715
2012-01-11,7.16,7.2,7.13,7.13,29400,6.93,-0.008583690987124526
2012-01-12,7.2,7.29,7.15,7.23,27600,7.03,0.01443001443001446
2012-01-13,7.25,7.25,7.12,7.2,6400,7.0,-0.004267425320056972
2012-01-17,7.19,7.38,7.15,7.25,29000,7.05,0.0071428571428571175
2012-01-18,7.22,7.35,7.15,7.35,17600,7.14,0.012765957446808418
2012-01-19,7.34,7.5,7.3,7.46,7300,7.25,0.01540616246498594
2012-01-20,7.5,7.7,7.49,7.69,18700,7.47,0.030344827586206824
2012-01-23,7.53,7.69,7.52,7.62,7700,7.41,-0.008032128514056214
2012-01-24,7.55,7.7,7.47,7.6,3600,7.39,-0.0026990553306343035
2012-01-25,7.74,7.74,7.6,7.7,7200,7.48,0.012178619756427755
2012-01-26,7.7,7.97,7.7,7.82,13100,7.6,0.016042780748662944
2012-01-27,7.82,7.82,7.75,7.75,1300,7.53,-0.009210526315789447
2012-01-30,7.74,7.85,7.6,7.8,12500,7.58,0.006640106241699861
2012-01-31,7.79,7.94,7.79,7.91,19600,7.69,0.014511873350923521
2012-02-01,7.92,7.94,7.61,7.9,15900,7.68,-0.0013003901170351995
2012-02-02,7.89,7.93,7.68,7.86,20100,7.64,-0.00520833333333337
2012-02-03,7.86,7.98,7.81,7.85,9700,7.63,-0.0013089005235601414
2012-02-06,7.85,7.99,7.79,7.93,9100,7.71,0.010484927916120546
2012-02-07,7.64,8.13,7.16,8.06,16900,7.83,0.015564202334630295
2012-02-08,7.9,8.05,7.77,7.96,13700,7.74,-0.011494252873563204
2012-02-09,8.02,8.14,7.78,8.14,3700,7.91,0.021963824289405576
2012-02-10,7.83,8.1,7.83,8.05,5600,7.82,-0.011378002528445008
2012-02-13,8.1,8.1,7.88,8.04,9100,7.81,-0.0012787723785167016
2012-02-14,7.6,8.15,7.6,8.15,9400,7.92,0.014084507042253502
2012-02-15,8.14,8.37,8.0,8.14,103400,7.91,-0.0012626262626261875
2012-02-16,8.16,8.2,8.05,8.19,209100,7.96,0.006321112515802696
2012-02-17,8.48,8.48,8.1,8.47,22600,8.23,0.03391959798994981
2012-02-21,8.54,8.58,8.44,8.58,22800,8.34,0.013365735115431265
2012-02-22,8.59,8.65,8.29,8.35,36000,8.11,-0.027577937649880147
2012-02-23,8.4,8.78,8.4,8.78,35400,8.53,0.05178791615289757
2012-02-24,8.9,9.48,8.9,9.39,93000,9.13,0.07033997655334123
2012-02-27,8.87,9.5,8.87,9.13,69700,8.87,-0.02847754654983592
2012-02-28,9.07,9.98,9.07,9.98,32300,9.7,0.0935738444193912
2012-02-29,10.02,10.04,9.66,9.75,14300,9.48,-0.02268041237113394
2012-03-01,9.62,9.84,9.41,9.81,19500,9.53,0.0052742616033754075
2012-03-02,9.16,10.2,9.16,10.15,94700,9.86,0.03462749213011551
2012-03-05,10.15,10.99,10.12,10.74,71000,10.44,0.05882352941176472
2012-03-06,10.74,11.03,10.16,11.01,69000,10.7,0.02490421455938696
2012-03-07,11.0,11.05,10.93,11.0,45300,10.69,-0.0009345794392523477
2012-03-08,11.05,12.17,11.0,12.1,202900,11.76,0.10009354536950421
2012-03-09,12.15,12.25,11.42,11.7,107000,11.37,-0.03316326530612246
2012-03-12,11.93,11.99,11.73,11.99,27300,11.65,0.02462620932277937
2012-03-13,12.02,12.05,11.82,12.0,32700,11.66,0.0008583690987125081
2012-03-14,11.82,12.11,11.82,12.07,15900,11.73,0.006003430531732468
2012-03-15,12.07,12.07,11.92,12.0,10500,11.66,-0.0059676044330776445
2012-03-16,12.0,12.0,11.6,12.0,21100,11.66,0.0
2012-03-19,11.91,12.07,11.5,11.9,19900,11.56,-0.00857632933104624
2012-03-20,11.82,11.82,11.51,11.8,18300,11.47,-0.007785467128027634
2012-03-21,11.62,11.79,11.53,11.7,11700,11.37,-0.008718395815170088
2012-03-22,11.75,11.76,11.56,11.64,23800,11.31,-0.005277044854881119
2012-03-23,11.6,11.66,11.5,11.65,32200,11.32,0.0008841732979663064
2012-03-26,11.61,11.8,11.4,11.78,25600,11.45,0.011484098939929188
2012-03-27,11.8,11.8,11.49,11.5,17600,11.18,-0.02358078602620084
2012-03-28,11.5,11.5,11.21,11.28,21800,11.06,-0.01073345259391767
2012-03-29,11.29,11.5,11.23,11.32,15500,11.1,0.0036166365280287938
2012-03-30,11.32,11.42,11.24,11.38,17600,11.16,0.00540540540540535
2012-04-02,11.32,11.49,11.21,11.36,15000,11.14,-0.0017921146953404632
2012-04-03,11.28,11.49,11.2,11.49,6900,11.26,0.010771992818671361
2012-04-04,11.3,11.98,11.07,11.55,15500,11.32,0.005328596802842034
2012-04-05,11.49,11.54,11.23,11.42,47800,11.2,-0.010600706713780994
2012-04-09,11.27,11.54,11.27,11.37,4300,11.15,-0.004464285714285587
2012-04-10,11.33,11.46,11.12,11.23,15900,11.01,-0.012556053811659251
2012-04-11,11.27,11.46,11.12,11.22,18900,11.0,-0.0009082652134423386
2012-04-12,11.41,11.41,11.25,11.26,28700,11.04,0.0036363636363636598
2012-04-13,11.24,11.44,11.2,11.2,32500,10.98,-0.005434782608695565
2012-04-16,11.2,11.33,11.2,11.31,2700,11.09,0.010018214936247771
2012-04-17,11.17,11.48,11.17,11.39,2300,11.17,0.007213706041478751
2012-04-18,11.46,11.48,11.28,11.42,7000,11.2,0.0026857654431511335
2012-04-19,11.3,11.5,11.3,11.32,4400,11.1,-0.008928571428571397
2012-04-20,11.34,11.5,11.12,11.12,10700,10.9,-0.018018018018017945
2012-04-23,11.32,11.46,11.03,11.35,5600,11.13,0.02110091743119269
2012-04-24,11.35,11.46,11.28,11.39,16300,11.17,0.003593890386343057
2012-04-25,11.46,11.96,11.38,11.92,11200,11.69,0.0465532676812892
2012-04-26,11.95,11.96,11.82,11.94,15200,11.71,0.0017108639863132602
2012-04-27,11.93,12.65,11.93,12.4,49900,12.16,0.038428693424423566
2012-04-30,12.46,12.52,12.38,12.52,11000,12.27,0.009046052631578982
2012-05-01,12.48,12.6,11.85,12.48,3600,12.23,-0.0032599837000814036
2012-05-02,12.36,12.65,12.36,12.65,13300,12.4,0.013900245298446468
2012-05-03,12.51,12.65,12.41,12.42,13000,12.18,-0.01774193548387104
2012-05-04,12.64,12.65,12.45,12.47,4800,12.22,0.003284072249589487
2012-05-07,12.32,12.62,12.28,12.34,10000,12.1,-0.009819967266775809
2012-05-08,12.28,12.58,11.51,12.4,5000,12.16,0.0049586776859504855
2012-05-09,12.19,12.3,12.0,12.02,9600,11.78,-0.03125000000000011
2012-05-10,12.03,12.5,12.03,12.5,18000,12.25,0.03989813242784379
2012-05-11,12.5,12.59,12.15,12.59,8200,12.34,0.007346938775510292
2012-05-14,12.59,12.72,12.4,12.72,23800,12.47,0.010534846029173428
2012-05-15,12.63,13.0,12.6,12.84,14000,12.59,0.009623095429029505
2012-05-16,12.63,12.99,12.63,12.81,25300,12.56,-0.002382843526608336
2012-05-17,12.86,12.89,12.5,12.6,24900,12.35,-0.01671974522292996
2012-05-18,12.51,12.8,11.39,12.42,35400,12.18,-0.013765182186234792
2012-05-21,12.38,12.5,12.28,12.4,11400,12.16,-0.0016420361247947435
2012-05-22,12.37,12.39,12.0,12.39,4200,12.15,-0.000822368421052655
2012-05-23,12.25,12.49,12.02,12.39,8600,12.15,0.0
2012-05-24,12.49,12.49,12.27,12.36,6700,12.12,-0.0024691358024692134
2012-05-25,12.34,12.43,12.0,12.08,8900,11.84,-0.02310231023102305
2012-05-29,11.96,12.93,11.9,12.0,15500,11.76,-0.006756756756756799
2012-05-30,12.0,12.4,11.85,12.16,7600,11.92,0.013605442176870763
2012-05-31,12.1,12.29,12.1,12.21,6500,11.97,0.004194630872483174
2012-06-01,12.1,12.3,12.1,12.2,7400,11.96,-0.0008354218880534114
2012-06-04,12.44,12.44,11.22,11.99,33000,11.75,-0.01755852842809369
2012-06-05,11.84,12.24,11.54,12.19,5400,11.95,0.017021276595744705
2012-06-06,11.84,12.24,11.84,12.16,9900,11.92,-0.002510460251045954
2012-06-07,12.12,12.15,11.53,11.92,5700,11.69,-0.019295302013422888
2012-06-08,11.85,12.4,11.52,11.57,22300,11.34,-0.029940119760479056
2012-06-11,11.52,12.37,11.5,12.06,21300,11.82,0.042328042328042326
2012-06-12,12.06,12.1,11.81,12.0,5100,11.76,-0.005076142131979711
2012-06-13,12.09,12.09,11.75,12.0,5300,11.76,0.0
2012-06-14,11.98,12.1,11.98,12.04,12800,11.8,0.003401360544217802
2012-06-15,12.1,12.1,11.75,11.81,15800,11.58,-0.01864406779661021
2012-06-18,11.8,12.15,11.75,11.95,9700,11.71,0.011226252158894612
2012-06-19,11.9,12.0,11.8,12.0,13600,11.76,0.004269854824935804
2012-06-20,11.91,11.98,11.75,11.76,8400,11.53,-0.019557823129251695
2012-06-21,11.84,11.98,11.2,11.4,15000,11.18,-0.030355594102341676
2012-06-22,11.35,11.49,11.25,11.4,11600,11.18,0.0
2012-06-25,11.25,11.44,11.12,11.28,12500,11.06,-0.01073345259391767
2012-06-26,11.28,11.4,11.0,11.35,25100,11.13,0.006329113924050667
2012-06-27,11.24,11.45,10.85,10.95,3200,10.83,-0.02695417789757415
2012-06-28,10.9,11.14,10.9,10.98,4200,10.86,0.0027700831024930483
2012-06-29,11.1,11.41,10.9,11.2,6400,11.08,0.0202578268876612
2012-07-02,11.36,11.4,10.75,10.85,23700,10.73,-0.03158844765342961
2012-07-03,10.9,10.99,10.11,10.83,41600,10.71,-0.0018639328984155767
2012-07-05,10.76,10.8,10.5,10.62,25800,10.5,-0.019607843137254943
2012-07-06,10.55,10.78,10.4,10.43,21200,10.32,-0.017142857142857126
2012-07-09,10.41,10.82,10.15,10.47,10600,10.36,0.003875968992248069
2012-07-10,10.37,10.4,10.12,10.28,48900,10.17,-0.018339768339768248
2012-07-11,10.21,10.32,10.07,10.15,25300,10.04,-0.012782694198623434
2012-07-12,10.04,10.75,9.92,10.35,20000,10.24,0.019920318725099806
2012-07-13,10.23,10.74,10.12,10.12,23300,10.01,-0.0224609375
2012-07-16,10.16,10.5,9.77,10.5,10000,10.38,0.036963036963037155
2012-07-17,10.43,10.5,10.0,10.15,16300,10.04,-0.032755298651252596
2012-07-18,10.23,10.4,10.23,10.31,2000,10.2,0.015936254980079667
2012-07-19,10.26,10.4,10.17,10.3,8500,10.19,-0.0009803921568627416
2012-07-20,10.5,10.67,10.15,10.15,11000,10.04,-0.014720314033366044
2012-07-23,10.2,10.78,10.2,10.26,2700,10.15,0.010956175298804993
2012-07-24,10.23,10.3,10.11,10.3,9100,10.19,0.003940886699507207
2012-07-25,10.38,10.46,10.28,10.37,4700,10.26,0.006869479882237517
2012-07-26,10.33,10.46,10.05,10.46,9600,10.35,0.00877192982456143
2012-07-27,10.41,10.49,10.21,10.28,7500,10.17,-0.017391304347826098
2012-07-30,10.37,10.37,10.0,10.27,3900,10.16,-0.000983284169124854
2012-07-31,10.4,10.6,10.05,10.39,18100,10.28,0.011811023622047223
2012-08-01,10.11,10.34,9.73,10.1,21000,9.99,-0.02821011673151741
2012-08-02,10.06,10.06,9.66,9.93,6500,9.82,-0.017017017017016967
2012-08-03,9.9,10.1,9.65,10.04,10100,9.93,0.011201629327902252
2012-08-06,10.04,10.04,9.75,9.88,14700,9.77,-0.01611278952668682
2012-08-07,9.82,10.1,9.82,10.1,11700,9.99,0.022517911975435068
2012-08-08,10.15,10.25,9.86,10.09,6100,9.98,-0.0010010010010009784
2012-08-09,10.1,10.1,10.09,10.09,700,9.98,0.0
2012-08-10,9.5,9.51,8.5,8.5,114000,8.41,-0.15731462925851702
2012-08-13,8.5,8.55,8.36,8.38,18800,8.29,-0.014268727705113116
2012-08-14,8.48,8.54,8.12,8.22,26300,8.13,-0.019300361881785078
2012-08-15,8.38,8.38,7.75,7.78,64600,7.69,-0.0541205412054121
2012-08-16,7.77,8.19,7.6,8.12,46600,8.03,0.04421326397919367
2012-08-17,8.2,8.25,7.59,8.19,73600,8.1,0.008717310087173136
2012-08-20,7.94,8.49,7.93,8.28,47700,8.19,0.011111111111111072
2012-08-21,8.18,8.34,7.87,8.03,26000,7.94,-0.030525030525030417
2012-08-22,8.05,8.17,7.98,8.17,28300,8.08,0.0176322418136019
2012-08-23,8.12,8.12,7.97,8.0,36300,7.91,-0.02103960396039606
2012-08-24,8.19,8.21,7.81,7.85,66400,7.76,-0.01896333754740842
2012-08-27,8.0,8.05,7.71,7.81,49800,7.72,-0.005154639175257714
2012-08-28,7.75,8.09,7.65,7.85,39100,7.76,0.005181347150259086
2012-08-29,7.9,8.23,7.67,7.88,14900,7.79,0.0038659793814432852
2012-08-30,7.87,8.02,7.68,7.94,16100,7.85,0.007702182284980763
2012-08-31,8.01,8.16,7.55,7.91,59500,7.82,-0.003821656050955302
2012-09-04,8.05,8.05,7.67,7.89,126300,7.8,-0.002557544757033292
2012-09-05,7.99,8.0,7.72,8.0,19600,7.91,0.014102564102564052
2012-09-06,8.01,8.01,7.86,7.86,24700,7.77,-0.017699115044247815
2012-09-07,8.0,8.09,7.81,8.09,80100,8.0,0.029601029601029616
2012-09-10,7.95,8.05,7.95,7.99,11800,7.9,-0.012499999999999956
2012-09-11,8.07,8.85,8.07,8.79,108700,8.69,0.09999999999999987
2012-09-12,8.85,8.94,8.76,8.89,37300,8.79,0.011507479861910141
2012-09-13,8.79,8.9,8.71,8.89,20600,8.79,0.0
2012-09-14,8.88,8.94,8.8,8.85,17200,8.75,-0.00455062571103515
2012-09-17,8.99,8.99,8.78,8.8,25500,8.7,-0.005714285714285783
2012-09-18,8.95,9.0,8.8,8.94,43800,8.84,0.016091954022988464
2012-09-19,9.0,9.04,8.86,9.0,14800,8.9,0.006787330316742057
2012-09-20,9.01,9.06,8.95,8.98,36400,8.88,-0.0022471910112359383
2012-09-21,9.1,9.15,8.96,9.02,39000,8.92,0.0045045045045044585
2012-09-24,9.0,9.08,8.95,9.06,36400,8.96,0.004484304932735439
2012-09-25,9.08,9.14,9.06,9.12,36100,9.02,0.006696428571428381
2012-09-26,9.07,9.16,9.02,9.11,21700,9.11,0.009977827050997812
2012-09-27,9.11,9.38,9.08,9.12,85700,9.12,0.001097694840834329
2012-09-28,9.26,9.26,8.96,9.02,18700,9.02,-0.010964912280701733
2012-10-01,9.1,9.12,9.0,9.02,5500,9.02,0.0
2012-10-02,9.23,9.5,9.06,9.3,56400,9.3,0.031042128603104402
2012-10-03,9.35,9.7,9.03,9.5,32100,9.5,0.021505376344086002
2012-10-04,9.5,9.56,9.45,9.51,11300,9.51,0.001052631578947416
2012-10-05,9.5,9.59,9.45,9.5,26500,9.5,-0.001051524710830698
2012-10-08,9.5,9.51,9.3,9.51,16500,9.51,0.001052631578947416
2012-10-09,9.41,9.55,9.41,9.49,9700,9.49,-0.002103049421661396
2012-10-10,9.45,9.55,9.35,9.5,13000,9.5,0.0010537407797681642
2012-10-11,9.5,9.53,9.27,9.5,23000,9.5,0.0
2012-10-12,9.48,9.55,9.33,9.54,17800,9.54,0.004210526315789442
2012-10-15,9.45,9.45,9.38,9.44,4900,9.44,-0.010482180293501009
2012-10-16,9.45,9.53,9.35,9.45,16900,9.45,0.0010593220338983578
2012-10-17,9.55,9.57,9.05,9.26,30400,9.26,-0.02010582010582007
2012-10-18,9.3,9.3,9.04,9.12,11500,9.12,-0.015118790496760348
2012-10-19,9.17,9.17,8.88,9.0,37800,9.0,-0.013157894736842035
2012-10-22,8.98,9.17,8.95,9.02,7100,9.02,0.0022222222222221255
2012-10-23,9.04,9.09,8.86,9.0,51000,9.0,-0.0022172949002217113
2012-10-24,8.94,9.0,8.85,8.99,15900,8.99,-0.0011111111111110628
2012-10-25,8.91,8.93,8.67,8.8,38000,8.8,-0.021134593993325845
2012-10-26,8.82,8.83,8.65,8.65,27500,8.65,-0.017045454545454586
2012-10-31,8.88,8.9,8.42,8.86,35500,8.86,0.024277456647398665
2012-11-01,8.67,8.67,8.4,8.65,23000,8.65,-0.023702031602708673
2012-11-02,8.68,8.8,8.56,8.56,39000,8.56,-0.010404624277456587
2012-11-05,8.6,8.6,8.08,8.22,79600,8.22,-0.03971962616822433
2012-11-06,8.34,8.46,8.1,8.33,21500,8.33,0.01338199513381988
2012-11-07,8.35,8.4,7.92,7.96,25300,7.96,-0.044417767106842754
2012-11-08,7.98,8.18,7.82,8.0,48500,8.0,0.005025125628140614
2012-11-09,8.12,8.12,7.9,8.08,29500,8.08,0.010000000000000009
2012-11-12,8.08,8.24,8.08,8.24,13800,8.24,0.01980198019801982
2012-11-13,8.36,8.49,8.15,8.45,54300,8.45,0.025485436893203817
2012-11-14,8.0,8.16,7.9,7.97,70300,7.97,-0.056804733727810586
2012-11-15,8.13,8.15,7.99,8.09,45300,8.09,0.01505646173149322
2012-11-16,8.49,8.49,8.06,8.26,8700,8.26,0.021013597033374465
2012-11-19,8.38,8.5,8.27,8.48,6500,8.48,0.026634382566586012
2012-11-20,8.39,8.65,8.39,8.6,5500,8.6,0.014150943396226356
2012-11-21,8.69,8.72,8.58,8.6,3800,8.6,0.0
2012-11-23,8.72,8.72,8.68,8.69,4700,8.69,0.010465116279069653
2012-11-26,8.81,8.99,8.77,8.9,11700,8.9,0.024165707710011697
2012-11-27,8.96,9.25,8.9,9.0,17000,9.0,0.011235955056179803
2012-11-28,9.06,9.1,9.0,9.1,6300,9.1,0.011111111111111072
2012-11-29,9.19,9.19,8.76,8.76,15000,8.76,-0.03736263736263734
2012-11-30,8.91,9.0,8.81,8.95,5000,8.95,0.02168949771689488
2012-12-03,8.97,9.02,8.77,9.02,1600,9.02,0.007821229050279266
2012-12-04,8.89,8.95,8.5,8.75,3600,8.75,-0.029933481152993324
2012-12-05,8.79,9.07,8.5,9.03,12700,9.03,0.03200000000000003
2012-12-06,8.9,9.02,8.64,8.89,5000,8.89,-0.015503875968992165
2012-12-07,9.02,9.02,8.5,8.65,13100,8.65,-0.02699662542182224
2012-12-10,8.63,8.83,8.1,8.43,15600,8.43,-0.025433526011560792
2012-12-11,8.4,8.69,8.32,8.4,6600,8.4,-0.003558718861209842
2012-12-12,8.55,8.55,8.09,8.17,15200,8.17,-0.027380952380952395
2012-12-13,8.31,8.31,7.95,7.96,24400,7.96,-0.025703794369644983
2012-12-14,8.09,8.13,7.98,8.05,12200,8.05,0.011306532663316604
2012-12-17,8.12,8.44,7.95,8.3,13900,8.3,0.03105590062111796
2012-12-18,8.27,8.27,7.76,8.05,22300,8.05,-0.030120481927710885
2012-12-19,8.19,8.69,7.48,8.55,24700,8.55,0.06211180124223592
2012-12-20,8.62,8.83,8.57,8.57,22600,8.57,0.002339181286549641
2012-12-21,8.65,8.65,7.87,8.2,15300,8.2,-0.043173862310385225
2012-12-24,8.28,8.28,8.12,8.19,4000,8.19,-0.0012195121951219523
2012-12-26,8.16,8.37,8.15,8.32,4000,8.32,0.01587301587301604
2012-12-27,8.32,8.32,8.11,8.2,9800,8.2,-0.014423076923077094
2012-12-28,8.19,8.19,7.8,8.1,10300,8.1,-0.012195121951219523
2012-12-31,8.22,8.36,7.98,8.1,6200,8.1,0.0
2013-01-02,8.2,8.39,8.2,8.28,4500,8.28,0.022222222222222143
2013-01-03,8.28,8.32,8.28,8.28,8900,8.28,0.0
2013-01-04,8.28,8.4,8.28,8.4,8600,8.4,0.01449275362318847
2013-01-07,8.42,8.6,8.42,8.6,6800,8.6,0.023809523809523725
2013-01-08,8.65,8.7,8.62,8.65,4500,8.65,0.005813953488372103
2013-01-09,8.71,8.71,8.29,8.29,6300,8.29,-0.04161849710982668
2013-01-10,8.46,8.46,8.4,8.45,3300,8.45,0.0193003618817853
2013-01-11,8.5,8.9,8.49,8.52,9700,8.52,0.008284023668639007
2013-01-14,8.54,8.7,8.28,8.59,21400,8.59,0.008215962441314506
2013-01-15,8.55,8.55,8.32,8.39,9000,8.39,-0.023282887077997638
2013-01-16,8.35,8.45,8.28,8.28,4000,8.28,-0.013110846245530494
2013-01-17,8.38,8.38,8.28,8.32,4400,8.32,0.004830917874396157
2013-01-18,8.34,8.34,8.04,8.3,9200,8.3,-0.0024038461538461453
2013-01-22,8.2,8.2,8.01,8.18,5800,8.18,-0.014457831325301318
2013-01-23,8.11,8.2,8.0,8.11,15500,8.11,-0.008557457212713948
2013-01-24,8.14,8.2,8.02,8.13,9900,8.13,0.002466091245376223
2013-01-25,8.2,8.2,8.0,8.1,2300,8.1,-0.0036900369003691758
2013-01-28,8.1,8.26,7.95,8.26,24300,8.26,0.01975308641975304
2013-01-29,8.31,8.47,8.13,8.35,18900,8.35,0.010895883777239712
2013-01-30,8.42,8.43,8.23,8.41,6300,8.41,0.007185628742514938
2013-01-31,8.44,8.47,8.3,8.4,8300,8.4,-0.0011890606420926764
2013-02-01,8.51,8.84,8.42,8.67,8400,8.67,0.03214285714285703
2013-02-04,8.71,8.84,8.64,8.81,9100,8.81,0.016147635524798254
2013-02-05,8.82,8.82,8.61,8.75,8200,8.75,-0.006810442678774176
2013-02-06,8.7,8.82,8.7,8.81,3800,8.81,0.006857142857142895
2013-02-07,8.82,8.82,8.49,8.49,23700,8.49,-0.036322360953461974
2013-02-08,8.61,8.88,8.41,8.82,23800,8.82,0.03886925795053009
2013-02-11,8.92,8.92,8.33,8.38,14900,8.38,-0.049886621315192725
2013-02-12,8.62,8.74,8.4,8.42,11900,8.42,0.004773269689737347
2013-02-13,8.57,8.77,7.7,8.02,35300,8.02,-0.04750593824228033
2013-02-14,8.13,8.35,8.13,8.33,6100,8.33,0.03865336658354113
2013-02-15,8.42,8.59,8.3,8.35,7800,8.35,0.0024009603841537164
2013-02-19,8.57,8.57,8.32,8.45,7600,8.45,0.011976047904191489
2013-02-20,8.53,8.53,8.36,8.38,5500,8.38,-0.008284023668638896
2013-02-21,8.56,8.56,8.41,8.41,2100,8.41,0.0035799522673030104
2013-02-22,8.56,8.56,8.34,8.35,2500,8.35,-0.007134363852556502
2013-02-25,8.27,8.78,8.27,8.5,26500,8.5,0.017964071856287456
2013-02-26,8.5,8.5,8.07,8.26,28500,8.26,-0.028235294117647136
2013-02-27,8.28,8.34,7.82,8.14,52600,8.14,-0.014527845036319542
2013-02-28,8.05,8.15,8.05,8.09,7100,8.09,-0.006142506142506221
2013-03-01,8.15,8.43,8.05,8.42,22000,8.42,0.040791100123609425
2013-03-04,8.38,8.49,8.23,8.44,8600,8.44,0.002375296912114022
2013-03-05,8.4,8.55,8.21,8.54,17600,8.54,0.011848341232227444
2013-03-06,8.54,8.75,8.54,8.7,28700,8.7,0.0187353629976581
2013-03-07,8.63,8.7,8.5,8.67,16300,8.67,-0.0034482758620688614
2013-03-08,8.72,8.84,8.65,8.73,20900,8.73,0.006920415224913601
2013-03-11,8.73,8.9,8.73,8.9,9800,8.9,0.019473081328751363
2013-03-12,8.89,8.89,8.75,8.79,4200,8.79,-0.012359550561797938
2013-03-13,8.84,8.91,8.77,8.91,33900,8.91,0.013651877133106005
2013-03-14,8.85,9.07,8.85,9.03,31800,9.03,0.013468013468013407
2013-03-15,8.95,9.08,8.95,8.99,18700,8.99,-0.00442967884828338
2013-03-18,8.98,9.0,8.63,8.92,11100,8.92,-0.007786429365962189
2013-03-19,8.89,8.91,8.75,8.9,1500,8.9,-0.0022421524663677195
2013-03-20,8.78,9.08,8.78,8.86,5400,8.86,-0.004494382022471988
2013-03-21,8.89,9.02,8.8,8.91,5000,8.91,0.0056433408577878375
2013-03-22,8.99,9.13,8.93,8.99,19600,8.99,0.008978675645342271
2013-03-25,9.0,9.35,9.0,9.1,14900,9.1,0.012235817575083408
2013-03-26,9.25,9.25,8.9,9.06,4000,9.06,-0.004395604395604269
2013-03-27,9.08,9.11,8.91,9.1,3900,9.1,0.004415011037527394
2013-03-28,9.1,9.37,9.1,9.3,22000,9.3,0.021978021978022122
2013-04-01,9.31,9.31,8.99,9.15,14100,9.15,-0.016129032258064502
2013-04-02,9.11,9.33,8.86,9.17,7500,9.17,0.002185792349726823
2013-04-03,9.13,9.13,8.99,9.05,10500,9.05,-0.013086150490730586
2013-04-04,9.29,9.29,9.05,9.13,6900,9.13,0.008839779005524795
2013-04-05,9.05,9.15,8.98,9.02,2900,9.02,-0.012048192771084487
2013-04-08,9.12,9.12,8.93,9.05,26700,9.05,0.003325942350332678
2013-04-09,9.1,9.1,8.8,9.05,10100,9.05,0.0
2013-04-10,9.05,9.05,8.68,8.8,26200,8.8,-0.027624309392265234
2013-04-11,8.79,8.82,8.22,8.8,19600,8.8,0.0
2013-04-12,8.8,8.8,8.66,8.75,8900,8.75,-0.005681818181818232
2013-04-15,8.74,8.74,8.45,8.53,14700,8.53,-0.025142857142857244
2013-04-16,8.56,8.64,8.2,8.29,9200,8.29,-0.028135990621336537
2013-04-17,8.06,8.55,8.06,8.27,21700,8.27,-0.0024125452352231624
2013-04-18,8.29,8.4,8.16,8.23,5800,8.23,-0.004836759371221189
2013-04-19,8.2,8.41,8.2,8.41,8300,8.41,0.021871202916160293
2013-04-22,8.19,8.39,8.17,8.38,3900,8.38,-0.00356718192627814
2013-04-23,8.36,8.37,8.2,8.31,7500,8.31,-0.00835322195704058
2013-04-24,8.38,8.42,8.36,8.4,25300,8.4,0.010830324909747224
2013-04-25,8.4,8.79,8.34,8.75,14100,8.75,0.04166666666666652
2013-04-26,8.71,8.73,8.35,8.47,11500,8.47,-0.03199999999999992
2013-04-29,8.38,8.47,8.3,8.47,3500,8.47,0.0
2013-04-30,8.31,8.43,8.3,8.34,8800,8.34,-0.015348288075560879
2013-05-01,8.43,8.58,8.31,8.41,14100,8.41,0.008393285371702586
2013-05-02,8.44,8.67,8.41,8.46,5500,8.46,0.005945303210463715
2013-05-03,8.5,8.62,8.35,8.4,20300,8.4,-0.007092198581560294
2013-05-06,8.41,8.74,8.4,8.56,9100,8.56,0.01904761904761898
2013-05-07,8.54,8.54,8.3,8.4,8000,8.4,-0.01869158878504673
2013-05-08,8.37,8.45,8.3,8.38,18400,8.38,-0.0023809523809523725
2013-05-09,8.39,8.4,8.3,8.37,12900,8.37,-0.0011933174224345588
2013-05-10,8.27,8.35,8.27,8.28,9100,8.28,-0.010752688172043001
2013-05-13,8.3,8.37,8.04,8.09,18800,8.09,-0.022946859903381633
2013-05-14,8.52,8.52,8.21,8.26,17200,8.26,0.021013597033374465
2013-05-15,7.67,7.98,7.45,7.74,108100,7.74,-0.06295399515738498
2013-05-16,7.7,8.19,7.65,8.19,40800,8.19,0.05813953488372081
2013-05-17,8.09,8.19,7.92,8.1,30700,8.1,-0.01098901098901095
2013-05-20,8.05,8.1,7.88,8.02,14500,8.02,-0.00987654320987652
2013-05-21,7.99,8.1,7.96,8.0,28700,8.0,-0.0024937655860348684
2013-05-22,8.0,8.0,7.8,7.9,14300,7.9,-0.012499999999999956
2013-05-23,7.84,7.91,7.65,7.84,5400,7.84,-0.0075949367088608
2013-05-24,7.91,7.91,7.47,7.73,7400,7.73,-0.014030612244897878
2013-05-28,7.8,7.9,7.55,7.65,16300,7.65,-0.010349288486416586
2013-05-29,7.46,7.65,7.46,7.5,18400,7.5,-0.019607843137254943
2013-05-30,7.5,7.68,7.5,7.59,15900,7.59,0.01200000000000001
2013-05-31,7.52,7.55,7.45,7.5,13900,7.5,-0.011857707509881354
2013-06-03,7.32,7.54,7.32,7.4,16900,7.4,-0.013333333333333308
2013-06-04,7.43,7.43,7.36,7.36,20400,7.36,-0.005405405405405461
2013-06-05,7.36,7.36,7.21,7.21,37900,7.21,-0.02038043478260876
2013-06-06,7.27,7.3,7.17,7.25,23800,7.25,0.00554785020804438
2013-06-07,7.14,7.17,6.9,6.96,60200,6.96,-0.040000000000000036
2013-06-10,6.93,7.0,6.91,6.92,14400,6.92,-0.005747126436781658
2013-06-11,6.92,6.98,6.74,6.76,45500,6.76,-0.023121387283236983
2013-06-12,6.8,6.96,6.71,6.78,31000,6.78,0.002958579881656931
2013-06-13,6.78,6.98,6.76,6.87,35100,6.87,0.01327433628318575
2013-06-14,6.85,6.85,6.76,6.8,10000,6.8,-0.010189228529839944
2013-06-17,6.83,6.95,6.81,6.85,11300,6.85,0.007352941176470562
2013-06-18,6.85,6.94,6.84,6.91,8300,6.91,0.008759124087591275
2013-06-19,6.94,6.94,6.82,6.9,35700,6.9,-0.0014471780028942893
2013-06-20,6.79,6.81,6.75,6.78,4500,6.78,-0.017391304347826098
2013-06-21,6.75,6.92,6.75,6.9,18800,6.9,0.017699115044247815
2013-06-24,6.94,6.94,6.7,6.73,16000,6.73,-0.024637681159420333
2013-06-25,6.83,6.83,6.62,6.77,29100,6.77,0.005943536404160454
2013-06-26,6.73,6.92,6.67,6.67,7300,6.67,-0.01477104874446078
2013-06-27,6.71,6.94,6.71,6.8,25000,6.8,0.019490254872563728
2013-06-28,6.73,6.94,6.67,6.89,13300,6.89,0.013235294117647012
2013-07-01,6.8,6.85,6.79,6.85,39500,6.85,-0.005805515239477477
2013-07-02,6.75,6.8,6.66,6.8,16600,6.8,-0.007299270072992692
2013-07-03,6.75,6.79,6.75,6.79,900,6.79,-0.0014705882352941124
2013-07-05,6.77,6.9,6.71,6.9,3700,6.9,0.016200294550809957
2013-07-08,6.9,6.9,6.85,6.87,6200,6.87,-0.004347826086956608
2013-07-09,6.84,6.98,6.75,6.97,4900,6.97,0.01455604075691408
2013-07-10,6.91,6.91,6.75,6.75,7800,6.75,-0.031563845050215145
2013-07-11,6.81,6.89,6.75,6.8,42200,6.8,0.007407407407407307
2013-07-12,6.79,6.9,6.73,6.8,17800,6.8,0.0
2013-07-15,6.74,6.79,6.73,6.75,10200,6.75,-0.007352941176470562
2013-07-16,6.71,6.8,6.71,6.8,4400,6.8,0.007407407407407307
2013-07-17,6.73,6.89,6.73,6.78,9100,6.78,-0.002941176470588225
2013-07-18,6.8,6.8,6.7,6.8,3100,6.8,0.002949852507374562
2013-07-19,6.79,6.79,6.7,6.73,6200,6.73,-0.010294117647058787
2013-07-22,6.72,6.76,6.72,6.75,15800,6.75,0.002971768202080227
2013-07-23,6.75,6.77,6.68,6.73,17300,6.73,-0.002962962962962945
2013-07-24,6.9,6.9,6.6,6.73,30700,6.73,0.0
2013-07-25,6.69,6.88,6.61,6.68,20000,6.68,-0.007429420505200679
2013-07-26,6.73,6.73,6.61,6.65,4100,6.65,-0.004491017964071808
2013-07-29,6.64,6.69,6.64,6.65,1900,6.65,0.0
2013-07-30,6.71,6.75,6.66,6.74,7000,6.74,0.013533834586466176
2013-07-31,6.7,6.95,6.69,6.9,17000,6.9,0.023738872403560762
2013-08-01,6.85,6.96,6.82,6.88,17200,6.88,-0.0028985507246377384
2013-08-02,6.81,6.87,6.62,6.77,21300,6.77,-0.015988372093023284
2013-08-05,6.72,6.74,6.68,6.69,29100,6.69,-0.011816838995568513
2013-08-06,6.69,6.79,6.66,6.72,7400,6.72,0.004484304932735439
2013-08-07,6.6,6.61,6.08,6.43,64900,6.43,-0.04315476190476186
2013-08-08,6.71,6.71,6.22,6.41,15300,6.41,-0.0031104199066873672
2013-08-09,6.32,6.32,6.2,6.21,6100,6.21,-0.03120124804992197
2013-08-12,6.26,6.3,6.12,6.3,100700,6.3,0.01449275362318847
2013-08-13,6.3,6.41,6.25,6.41,6700,6.41,0.01746031746031762
2013-08-14,6.26,6.36,6.1,6.1,35200,6.1,-0.04836193447737913
2013-08-15,6.1,6.11,6.0,6.03,23300,6.03,-0.011475409836065431
2013-08-16,5.98,6.1,5.96,6.0,15000,6.0,-0.004975124378109541
2013-08-19,5.95,5.96,5.8,5.81,33300,5.81,-0.03166666666666673
2013-08-20,5.83,5.83,5.67,5.7,38100,5.7,-0.018932874354561036
2013-08-21,5.75,5.77,5.69,5.71,16800,5.71,0.0017543859649122862
2013-08-22,5.7,5.73,5.63,5.63,12000,5.63,-0.014010507880910739
2013-08-23,5.63,5.76,5.35,5.43,84200,5.43,-0.035523978685612856
2013-08-26,5.5,5.5,5.36,5.5,18800,5.5,0.012891344383057168
2013-08-27,5.5,5.5,5.35,5.46,12700,5.46,-0.0072727272727273196
2013-08-28,5.42,5.5,5.27,5.49,18100,5.49,0.005494505494505475
2013-08-29,5.54,5.54,5.32,5.48,6800,5.48,-0.0018214936247722413
2013-08-30,5.45,5.46,5.25,5.25,27100,5.25,-0.04197080291970812
2013-09-03,5.28,5.29,5.16,5.2,43700,5.2,-0.00952380952380949
2013-09-04,5.18,5.48,5.18,5.18,15300,5.18,-0.0038461538461539435
2013-09-05,5.35,5.7,5.19,5.53,105100,5.53,0.06756756756756777
2013-09-06,5.8,6.57,5.49,5.88,50800,5.88,0.06329113924050622
2013-09-09,5.95,6.36,5.95,6.22,19100,6.22,0.05782312925170063
2013-09-10,6.3,6.3,6.02,6.18,51700,6.18,-0.006430868167202619
2013-09-11,6.11,6.21,6.04,6.1,31400,6.1,-0.012944983818770184
2013-09-12,6.04,6.46,6.04,6.26,31800,6.26,0.02622950819672143
2013-09-13,6.26,6.28,6.02,6.2,11300,6.2,-0.009584664536741117
2013-09-16,6.16,6.41,5.98,6.19,18600,6.19,-0.001612903225806428
2013-09-17,6.11,6.17,5.86,6.05,9600,6.05,-0.022617124394184285
2013-09-18,5.95,6.11,5.93,5.95,6200,5.95,-0.016528925619834656
2013-09-19,6.09,6.37,6.04,6.23,42000,6.23,0.04705882352941182
2013-09-20,6.32,6.7,6.22,6.7,33000,6.7,0.0754414125200642
2013-09-23,6.65,6.65,6.18,6.48,40900,6.48,-0.032835820895522394
2013-09-24,6.39,6.4,6.2,6.28,7600,6.28,-0.030864197530864224
2013-09-25,6.18,6.26,6.14,6.16,34600,6.16,-0.019108280254777066
2013-09-26,6.12,6.46,6.08,6.14,44800,6.14,-0.0032467532467532756
2013-09-27,6.08,6.27,6.08,6.09,22700,6.09,-0.008143322475570036
2013-09-30,6.08,6.29,5.8,5.8,8000,5.8,-0.04761904761904767
2013-10-01,5.87,6.2,5.87,5.9,12900,5.9,0.017241379310344973
2013-10-02,5.86,5.95,5.8,5.87,25000,5.87,-0.005084745762711895
2013-10-03,5.81,5.93,5.72,5.78,11600,5.78,-0.015332197614991494
2013-10-04,5.75,5.87,5.75,5.81,4500,5.81,0.00519031141868509
2013-10-07,5.9,5.9,5.79,5.79,6100,5.79,-0.0034423407917383297
2013-10-08,5.79,5.89,5.6,5.71,23000,5.71,-0.013816925734024155
2013-10-09,5.7,5.83,5.5,5.7,55500,5.7,-0.0017513134851138146
2013-10-10,5.73,5.93,5.54,5.93,26600,5.93,0.04035087719298236
2013-10-11,5.98,6.25,5.7,6.25,48000,6.25,0.053962900505902134
2013-10-14,6.0,6.29,5.78,6.09,24900,6.09,-0.025600000000000067
2013-10-15,5.99,6.03,5.72,5.88,16400,5.88,-0.03448275862068961
2013-10-16,5.86,6.08,5.72,5.72,8400,5.72,-0.027210884353741527
2013-10-17,5.72,6.0,5.72,6.0,16600,6.0,0.04895104895104896
2013-10-18,6.0,6.0,5.83,5.97,3900,5.97,-0.0050000000000000044
2013-10-21,5.93,5.99,5.78,5.99,15900,5.99,0.003350083752093891
2013-10-22,5.89,5.94,5.6,5.74,18300,5.74,-0.04173622704507507
2013-10-23,5.79,5.95,5.7,5.86,13400,5.86,0.020905923344947785
2013-10-24,5.81,6.29,5.81,6.29,8300,6.29,0.07337883959044356
2013-10-25,6.06,6.3,5.89,5.89,7100,5.89,-0.06359300476947538
2013-10-28,6.15,6.26,5.76,6.2,19600,6.2,0.052631578947368585
2013-10-29,6.01,6.13,5.96,5.96,11600,5.96,-0.03870967741935483
2013-10-30,5.97,6.12,5.97,5.97,8200,5.97,0.001677852348993314
2013-10-31,5.97,6.12,5.91,6.07,17000,6.07,0.01675041876046901
2013-11-01,6.08,6.08,5.93,6.04,1300,6.04,-0.0049423393739703725
2013-11-04,6.1,6.12,5.91,6.06,16500,6.06,0.0033112582781456013
2013-11-05,5.98,6.08,5.93,6.06,4300,6.06,0.0
2013-11-06,5.9,5.95,5.9,5.95,4300,5.95,-0.018151815181518094
2013-11-07,6.4,7.4,6.4,7.11,89600,7.11,0.19495798319327728
2013-11-08,7.05,8.1,7.0,7.83,128400,7.83,0.10126582278481
2013-11-11,7.91,7.93,7.18,7.3,57800,7.3,-0.0676883780332056
2013-11-12,7.01,7.89,7.01,7.2,53200,7.2,-0.013698630136986245
2013-11-13,6.91,7.64,6.91,7.45,30300,7.45,0.03472222222222232
2013-11-14,7.5,7.5,7.15,7.48,12500,7.48,0.00402684563758382
2013-11-15,7.5,7.7,7.3,7.4,49300,7.4,-0.010695187165775444
2013-11-18,7.56,7.69,7.2,7.36,93800,7.36,-0.005405405405405461
2013-11-19,7.28,7.48,7.16,7.44,83100,7.44,0.010869565217391353
2013-11-20,7.37,7.58,7.29,7.29,71000,7.29,-0.02016129032258074
2013-11-21,7.22,7.43,6.7,7.36,70500,7.36,0.009602194787380114
2013-11-22,7.31,7.4,7.03,7.31,36700,7.31,-0.006793478260869623
2013-11-25,7.1,8.36,7.0,7.89,118000,7.89,0.07934336525307795
2013-11-26,7.94,7.94,7.49,7.73,61600,7.73,-0.020278833967046772
2013-11-27,8.23,8.25,7.7,7.83,124300,7.83,0.012936610608020649
2013-11-29,7.88,8.12,7.63,7.82,51900,7.82,-0.0012771392081736277
2013-12-02,7.97,7.97,7.5,7.83,73200,7.83,0.0012787723785165905
2013-12-03,7.95,7.97,7.6,7.61,56100,7.61,-0.02809706257982114
2013-12-04,7.6,7.62,6.96,7.28,197200,7.28,-0.04336399474375818
2013-12-05,7.17,7.69,7.08,7.62,27800,7.62,0.04670329670329676
2013-12-06,7.55,7.85,7.18,7.76,36600,7.76,0.018372703412073532
2013-12-09,7.85,7.85,7.59,7.84,32100,7.84,0.010309278350515427
